1661045963301 0.15139896
1661045979943 0.09754521
1661045999118 0.11436122
1661046012512 0.122684814
1661046035679 0.088892505
1661046054525 0.107724026
1661046076152 0.111152194
1661046092992 0.12591276
1661046111814 0.10058002
1661046128521 0.11076915
1661046143428 0.094369985
1661046160338 0.07878201
1661046177123 0.13568325
1661046193540 0.11054518
1661046208460 0.098340265
1661046225929 0.104475565
1661046241225 0.12558684
1661046253065 0.10989692
1661046267963 0.10202119
1661046286543 0.10407521
1661046311822 0.11107527
1661046340863 0.11064548
1661046358665 0.09577236
1661046377354 0.1093933
1661046395464 0.09378369
1661046412893 0.089471534
1661046425988 0.11958615
1661046443513 0.07082977
1661046464155 0.0863999
1661046479061 0.06765971
1661046495972 0.09374559
1661046519198 0.10692606
1661046532527 0.13360472
1661046544080 0.10876531
1661046561977 0.100408025
1661046588727 0.103956684
1661046615976 0.101112716
1661046630859 0.10868688
1661046649650 0.110242054
1661046666446 0.0644134
1661046689502 0.101684816
1661046704728 0.094897754
1661046719020 0.109057635
1661046732391 0.10190792
1661046749282 0.10138343
1661046766889 0.08732446
1661046785925 0.079380445
1661046802913 0.06279494
1661046818486 0.066450514
1661046839178 0.06668753
1661046857064 0.080522284
1661046877548 0.09234092
1661046900228 0.10060992
1661046917029 0.08733201
1661046936084 0.087229125
1661046955697 0.08675524
1661046983539 0.100240655
1661047000564 0.09856911
1661047017497 0.07963281
1661047046336 0.0908994
1661047076773 0.09506683
1661047092782 0.1044472
1661047111815 0.07243294
1661047130011 0.103785165
1661047147117 0.081488915
1661047170104 0.053453863
1661047183988 0.103243865
1661047202269 0.074213564
1661047219127 0.057224676
1661047235909 0.099199444
1661047253352 0.08614163
1661047279050 0.09107123
1661047297905 0.08322506
1661047313295 0.08979687
1661047334362 0.10657524
1661047346849 0.10410526
1661047368741 0.08922097
1661047386346 0.07255076
1661047409177 0.067392364
1661047433913 0.09549833
1661047452219 0.09149775
1661047472167 0.05986482
1661047488826 0.090361886
1661047509384 0.061290786
1661047525630 0.06460769
1661047540818 0.059024885
1661047561476 0.068085104
1661047578171 0.10401427
1661047598377 0.06563196
1661047616244 0.084246874
1661047631576 0.059662074
1661047653603 0.067772456
1661047674919 0.078792155
1661047688613 0.09798049
1661047705249 0.086410545
1661047723614 0.08383322
1661047738946 0.10493591
1661047753413 0.08408861
1661047771085 0.09021666
1661047794662 0.08286088
1661047811618 0.09299734
1661047835609 0.0682071
1661047856612 0.07995012
1661047877910 0.07690402
1661047894846 0.0875277
1661047909046 0.08881297
1661047927811 0.10141609
1661047944343 0.087773055
1661047958059 0.09556501
1661047975845 0.08971945
1661048003076 0.090995856
1661048025486 0.08898764
1661048045721 0.08822852
1661048068752 0.04992318
1661048092266 0.07376214
1661048113333 0.08662325
1661048133042 0.06706201
1661048161339 0.09661008
1661048179852 0.07253738
1661048197613 0.091051035
1661048222477 0.0891569
1661048241971 0.075687274
1661048269384 0.09089868
1661048287528 0.10011367
1661048309357 0.065902114
1661048326639 0.086851224
1661048341340 0.08080108
1661048361013 0.07595468
1661048378769 0.08940845
1661048403019 0.06961508
1661048421433 0.09774366
1661048445382 0.09527628
1661048462934 0.0863946
1661048477587 0.09216696
1661048492070 0.09106695
1661048506501 0.08900808
1661048533905 0.09244313
1661048552106 0.08183738
1661048573563 0.0931179
1661048588588 0.08905899
1661048602549 0.05777231
1661048620639 0.076410726
1661048641213 0.08168919
1661048654904 0.080417134
1661048670425 0.08890594
1661048687532 0.095696285
1661048706865 0.07494358
1661048720771 0.07714842
1661048737201 0.08004266
1661048763387 0.09100305
1661048783841 0.07288852
1661048805137 0.07095087
1661048822198 0.084033646
1661048839634 0.062705055
1661048856346 0.08417047
1661048873796 0.08278271
1661048893378 0.07426276
1661048911418 0.09085214
1661048934794 0.0787348
1661048949855 0.09555165
1661048967025 0.07327464
1661048986815 0.07174103
1661049002514 0.08650512
1661049015150 0.07201244
1661049035667 0.07997894
1661049060517 0.07047794
1661049073763 0.076617494
1661049088188 0.08830555
1661049104694 0.08045259
1661049121183 0.079605214
1661049137293 0.084982954
1661049163279 0.0880018
1661049181723 0.07231405
1661049204440 0.09345135
1661049215898 0.069806315
1661049229075 0.07345445
1661049244169 0.07929958
1661049264020 0.0774332
1661049279645 0.06510984
1661049298587 0.07476257
1661049324483 0.089246
1661049340957 0.082942754
1661049354857 0.0539088
1661049370366 0.07310792
1661049388619 0.07434805
1661049403535 0.076856956
1661049419749 0.08911483
1661049435942 0.07040716
1661049451826 0.073313355
1661049473890 0.06487579
1661049488255 0.07603638
1661049504487 0.07833034
1661049516352 0.075420715
1661049530184 0.07731902
1661049554824 0.06961407
1661049579770 0.06783036
1661049596899 0.079865836
1661049617683 0.07065799
1661049633231 0.07576892
1661049655265 0.06844763
1661049674611 0.09330177
1661049692769 0.08017728
1661049708590 0.08671702
1661049722774 0.07398412
1661049742463 0.061819244
1661049760408 0.08705883
1661049780089 0.07644802
1661049798980 0.06863224
1661049813197 0.07287783
1661049827175 0.09090426
1661049846452 0.070048414
1661049859247 0.07130874
1661049881956 0.08593188
1661049898552 0.07782714
1661049920636 0.07672063
1661049939211 0.08371319
1661049957654 0.081774026
1661049970712 0.086767934
1661049988606 0.07334105
1661050006588 0.07345589
1661050020389 0.078522615
1661050039699 0.075901374
1661050060816 0.061345436
1661050074622 0.079221964
1661050090219 0.07309974
1661050116715 0.0911144
1661050133970 0.07692697
1661050156294 0.07237906
1661050171663 0.076810814
1661050190271 0.07896672
1661050205581 0.064945064
1661050221274 0.08848544
1661050236396 0.059687726
1661050255678 0.06933236
1661050273485 0.07977866
1661050291418 0.0740963
1661050312008 0.06864015
1661050325643 0.076987445
1661050349761 0.06170265
1661050366555 0.06532738
1661050383108 0.07838152
1661050400565 0.07166318
1661050419701 0.077640295
1661050438838 0.06516481
1661050459785 0.09927432
1661050484435 0.07314524
1661050513269 0.08696573
1661050530176 0.050597996
1661050551337 0.073052146
1661050564905 0.07488519
1661050580477 0.06387803
1661050606296 0.08767133
1661050623995 0.07706028
1661050638811 0.09174676
1661050653960 0.07685279
1661050673875 0.064147376
1661050690804 0.07568978
1661050707645 0.07500109
1661050730376 0.08972619
1661050744853 0.07421304
1661050765287 0.07087118
1661050783361 0.07391069
1661050807106 0.09570755
1661050828198 0.060665216
1661050844657 0.08583587
1661050861085 0.08529043
1661050885269 0.06417399
1661050897775 0.08036637
1661050913612 0.072045475
1661050931153 0.064797044
1661050957515 0.100785844
1661050970996 0.06900502
1661050987520 0.08627875
1661051003630 0.056380358
1661051023270 0.05962326
1661051047524 0.09275159
1661051060301 0.07736713
1661051080606 0.08918835
1661051104688 0.060000576
1661051122976 0.07321935
1661051146695 0.05875767
1661051161879 0.06055078
1661051191597 0.056413155
1661051207716 0.080540195
1661051223575 0.069107376
1661051240760 0.085095026
1661051258104 0.05954902
1661051279275 0.07310029
1661051293118 0.0864222
1661051309247 0.05522664
1661051327452 0.06910151
1661051350771 0.04746427
1661051365692 0.07424415
1661051381642 0.08121485
1661051402658 0.06634768
1661051418322 0.072099686
1661051433397 0.066483214
1661051453434 0.057386972
1661051472400 0.06485435
1661051488512 0.06421414
1661051504899 0.0654292
1661051521458 0.083537154
1661051537508 0.08410139
1661051554318 0.08613489
1661051572983 0.0660464
1661051588474 0.0670544
1661051609129 0.06498755
1661051636384 0.088757075
1661051651381 0.075507656
1661051677535 0.073105656
1661051699934 0.08745283
1661051713484 0.06904778
1661051730540 0.0736499
1661051745141 0.050625037
1661051757811 0.07345088
1661051780000 0.061027844
1661051793983 0.08191774
1661051812494 0.07812615
1661051832487 0.056914754
1661051851431 0.064619005
1661051868449 0.07486776
1661051890249 0.049662124
1661051907659 0.07369332
1661051922717 0.05934112
1661051937021 0.060257003
1661051950773 0.0760885
1661051967839 0.07751551
1661051985091 0.07228018
1661052001517 0.0617779
1661052018781 0.07371243
1661052034975 0.07460567
1661052050641 0.08086154
1661052071447 0.0584424
1661052087395 0.06640666
1661052107863 0.0747398
1661052122901 0.068007946
1661052144321 0.066793166
1661052162063 0.08160259
1661052178686 0.06797817
1661052194800 0.07524643
1661052209428 0.08312763
1661052233438 0.062015377
1661052250936 0.08782389
1661052272397 0.06647967
1661052298081 0.08512851
1661052324316 0.100679226
1661052339858 0.07244985
1661052365121 0.08393563
1661052386787 0.051535014
1661052408501 0.08104195
1661052432626 0.05880359
1661052448439 0.07292465
1661052465618 0.062172323
1661052482506 0.077035435
1661052499648 0.07853985
1661052518976 0.06698213
1661052538766 0.07169764
1661052559448 0.058542244
1661052582481 0.09246845
1661052601078 0.06937071
1661052618468 0.06297572
1661052635605 0.085705645
1661052656440 0.074373946
1661052670644 0.06758326
1661052688647 0.068930574
1661052710871 0.061498657
1661052725949 0.06572407
1661052748339 0.060513552
1661052772109 0.07485722
1661052792442 0.06987301
1661052810604 0.07188627
1661052827248 0.073857546
1661052844792 0.06291269
1661052868702 0.05665692
1661052884156 0.07291126
1661052901208 0.074305505
1661052918599 0.06130483
1661052936924 0.08684727
1661052952715 0.07961897
1661052971010 0.06929118
1661052997750 0.09643092
1661053011698 0.05151779
1661053032419 0.06333836
1661053049204 0.07592508
1661053071335 0.056364127
1661053082586 0.076059684
1661053100514 0.078397416
1661053118839 0.077653095
1661053135282 0.062267013
1661053154896 0.08751025
1661053166461 0.06959245
1661053180846 0.07116966
1661053194320 0.057181645
1661053213832 0.07023015
1661053235378 0.057817448
1661053255319 0.07153507
1661053276130 0.06554189
1661053296208 0.085574135
1661053313848 0.062159948
1661053330331 0.055123087
1661053343423 0.058820963
1661053361528 0.062552184
1661053377842 0.0756682
1661053395534 0.0865256
1661053411114 0.061524417
1661053429525 0.07223636
1661053447881 0.06726411
1661053470394 0.091106296
1661053493732 0.046380345
1661053509748 0.08189029
1661053526481 0.07437066
1661053544058 0.07930223
1661053568139 0.07982358
1661053584569 0.06873587
1661053606134 0.074831344
1661053633472 0.08616343
1661053651333 0.068375364
1661053667030 0.0696982
1661053688305 0.07194613
1661053701078 0.06493203
1661053721580 0.06542656
1661053739724 0.084637254
1661053756355 0.08381364
1661053773787 0.06459829
1661053791129 0.07241205
1661053813698 0.08106437
1661053836963 0.095373295
1661053854246 0.08408666
1661053878300 0.09762509
1661053895436 0.06834417
1661053911070 0.07020715
1661053927476 0.07397797
1661053941566 0.07083395
1661053956260 0.088559166
1661053972877 0.066640034
1661053994791 0.07606387
1661054015616 0.06640438
1661054037315 0.06971699
1661054053887 0.07656951
1661054075233 0.06616444
1661054094823 0.07057778
1661054117032 0.04829262
1661054135932 0.07343559
1661054158778 0.065302946
1661054180475 0.06484044
1661054195201 0.0714339
1661054215572 0.070196226
1661054229673 0.081587575
1661054246155 0.08490531
1661054258009 0.06519862
1661054273210 0.062237673
1661054289415 0.08643128
1661054304112 0.074406505
1661054320635 0.058397245
1661054339296 0.074933
1661054352834 0.07284648
1661054366903 0.052739196
1661054378626 0.06191459
1661054395575 0.07240849
1661054412219 0.06746368
1661054429400 0.07824553
1661054451085 0.04599533
1661054464903 0.07419707
1661054483675 0.06331934
1661054505951 0.08157623
1661054528773 0.07158726
1661054545563 0.068048194
1661054567019 0.07509414
1661054583888 0.06793214
1661054600345 0.08300233
1661054617203 0.050520074
1661054632119 0.07424047
1661054648439 0.07227425
1661054663456 0.07425402
1661054682947 0.0743252
1661054699848 0.0836809
1661054715672 0.053047813
1661054738452 0.07648181
1661054751499 0.067120224
1661054768164 0.08310755
1661054783815 0.07119412
1661054804714 0.07309696
1661054822635 0.07616769
1661054837140 0.07097119
1661054853477 0.06684973
1661054870055 0.08513177
1661054888816 0.07518933
1661054906053 0.06917209
1661054924613 0.08525425
1661054941150 0.0748603
1661054959471 0.071050376
1661054977653 0.076037645
1661054996801 0.08404572
1661055014528 0.07891215
1661055032543 0.07811995
1661055052326 0.07723668
1661055069139 0.067560196
1661055088302 0.075025596
1661055105663 0.07512559
1661055127570 0.07076263
1661055143164 0.051760357
1661055154177 0.073959805
1661055178305 0.0909665
1661055199900 0.050795875
1661055216901 0.083202705
1661055234039 0.07086463
1661055254359 0.070997
1661055274640 0.09414147
1661055293827 0.07611263
1661055313154 0.06849227
1661055333039 0.08270088
1661055350215 0.050822325
1661055363889 0.072810635
1661055376080 0.05951851
1661055392457 0.071340844
1661055413907 0.06722392
1661055431602 0.07066296
1661055451166 0.071962595
1661055466958 0.0675624
1661055487635 0.06497324
1661055508848 0.057771012
1661055528108 0.07367211
1661055540910 0.06630809
1661055558606 0.07738815
1661055580843 0.083888344
1661055596060 0.06310187
1661055614008 0.084906004
1661055633947 0.061654113
1661055647702 0.052909855
1661055662798 0.07504998
1661055679097 0.07271989
1661055705712 0.0858013
1661055727203 0.066714205
1661055747280 0.08107957
1661055767771 0.05929275
1661055784917 0.07124313
1661055813764 0.08692664
1661055831461 0.071886696
1661055851194 0.07387833
1661055876666 0.08524555
1661055896209 0.0708002
1661055914515 0.07269165
1661055930840 0.07859509
1661055955097 0.065914266
1661055970267 0.06425397
1661055991794 0.07441365
1661056004338 0.059711397
1661056018770 0.07848222
1661056035596 0.083191566
1661056053988 0.06396691
1661056072123 0.07411554
1661056092347 0.067529134
1661056110772 0.07095054
1661056130857 0.058289018
1661056150383 0.07558492
1661056167020 0.05696518
1661056188055 0.06280368
1661056207621 0.06706088
1661056227138 0.07046445
1661056244096 0.065057516
1661056263117 0.075733125
1661056280881 0.07549986
1661056306504 0.08758869
1661056325061 0.07524362
1661056339922 0.07628668
1661056354162 0.06876025
1661056371218 0.055804238
1661056386647 0.074798144
1661056403991 0.080041476
1661056430974 0.091673225
1661056450898 0.08560165
1661056468274 0.069025934
1661056492252 0.074405216
1661056504933 0.06037674
1661056520171 0.07124647
1661056538651 0.0654277
1661056550094 0.060207337
1661056565038 0.08715939
1661056582743 0.06762727
1661056602550 0.06786697
1661056616743 0.055524502
1661056629972 0.062180284
1661056648919 0.060876325
1661056670839 0.079935715
1661056690501 0.076381154
1661056716503 0.084139094
1661056742133 0.08559341
1661056766006 0.07618618
1661056788168 0.07893741
1661056806966 0.07736915
1661056826065 0.07426691
1661056848917 0.05816953
1661056869800 0.09200859
1661056896431 0.08873598
1661056923174 0.087767415
1661056942748 0.08545468
1661056956409 0.080012195
1661056977391 0.07085672
1661056995361 0.07444915
1661057010462 0.08314424
1661057031094 0.08511045
1661057050894 0.06122205
1661057066823 0.08079968
1661057082767 0.06793523
1661057101017 0.06835152
1661057125656 0.066308446
1661057151264 0.084617905
1661057168066 0.0720955
1661057184319 0.07993832
1661057197772 0.07882695
1661057208944 0.067853555
1661057222218 0.05378755
1661057235842 0.07256146
1661057249238 0.08324776
1661057266213 0.07144944
1661057285757 0.07076337
1661057300117 0.0691355
1661057315876 0.06257149
1661057332353 0.07316667
1661057345054 0.079965495
1661057371402 0.08481427
1661057385833 0.07381475
1661057408755 0.08034373
1661057424120 0.071001716
1661057444553 0.057926748
1661057461921 0.07144701
1661057477289 0.07374795
1661057492885 0.06949584
1661057510284 0.06631132
1661057528757 0.08335866
1661057541863 0.06932482
1661057559448 0.06366038
1661057579374 0.07010738
1661057597678 0.07209095
1661057616422 0.061185278
1661057636467 0.06258778
1661057654670 0.07138507
1661057674136 0.057624284
1661057703027 0.08575226
1661057721621 0.06865594
1661057739880 0.07923932
1661057756854 0.081164874
1661057774792 0.071800955
1661057793309 0.060862996
1661057811576 0.059249513
1661057828159 0.070000246
1661057850782 0.08059915
1661057878171 0.09902763
1661057894656 0.047721926
1661057911289 0.06987821
1661057924813 0.054798182
1661057936759 0.058388088
1661057958267 0.06597293
1661057972489 0.07455347
1661057994096 0.06291174
1661058015288 0.04398627
1661058032425 0.050031766
1661058045921 0.07307611
1661058067628 0.07080006
1661058083597 0.0852557
1661058098868 0.06790384
1661058120197 0.08336178
1661058139011 0.058549576
1661058156952 0.068301514
1661058170817 0.07240929
1661058190753 0.08331755
1661058204648 0.07905127
1661058226134 0.06277426
1661058246026 0.0707932
1661058268623 0.09079736
1661058295532 0.092382126
1661058312423 0.06943524
1661058334281 0.06183392
1661058352559 0.07515407
1661058372017 0.0697437
1661058397293 0.08510786
1661058413565 0.06678881
1661058425234 0.06752315
1661058452746 0.09888967
1661058479873 0.09816983
1661058495179 0.072653316
1661058516130 0.06406423
1661058534880 0.08266589
1661058554847 0.06286653
1661058569310 0.068434015
1661058589385 0.073702425
1661058613978 0.07259173
1661058639795 0.08283912
1661058655701 0.067197315
1661058671341 0.07144759
1661058685550 0.07405845
1661058706771 0.08032099
1661058723498 0.07102558
1661058739633 0.059277248
1661058760191 0.06467035
1661058777232 0.070719235
1661058792440 0.07198513
1661058815257 0.082430445
1661058832507 0.06102545
1661058847154 0.05895419
1661058861913 0.06182796
1661058887595 0.08365128
1661058904040 0.06624803
1661058926293 0.055934664
1661058950451 0.0772117
1661058973384 0.06286593
1661058989914 0.057621915
1661059011946 0.083306484
1661059032309 0.055163153
1661059050126 0.055832107
1661059073123 0.046648942
1661059090227 0.07147162
1661059106104 0.08210704
1661059125628 0.07770295
1661059143763 0.059913985
1661059162164 0.07615135
1661059186238 0.0750837
1661059197855 0.06767303
1661059220578 0.082143284
1661059235647 0.07684027
1661059251113 0.07644414
1661059267590 0.06834546
1661059293614 0.08641815
1661059314631 0.08033711
1661059340629 0.08182065
1661059356727 0.07356226
1661059372600 0.059274632
1661059396813 0.058698025
1661059415504 0.06331862
1661059433637 0.08477018
1661059455243 0.06882028
1661059472932 0.07047679
1661059496674 0.05975711
1661059511964 0.066059835
1661059528065 0.057661854
1661059550519 0.068989225
1661059565887 0.06890276
1661059588748 0.08320358
1661059612033 0.084679894
1661059633088 0.04646129
1661059657291 0.060801093
1661059670597 0.08321256
1661059689889 0.072181344
1661059706706 0.07255281
1661059726615 0.08250782
1661059740959 0.07344849
1661059763971 0.06194803
1661059782059 0.08255592
1661059803825 0.082564585
1661059824455 0.0646808
1661059842109 0.06358821
1661059859598 0.054197475
1661059888817 0.087258734
1661059908922 0.0694702
1661059926529 0.07102357
1661059944661 0.07469232
1661059956022 0.061812848
1661059970421 0.07399809
1661059986528 0.07611251
1661060005347 0.0721114
1661060024771 0.06702454
1661060047150 0.046935905
1661060068564 0.073463745
1661060090610 0.06492884
1661060104250 0.07899729
1661060122707 0.072632395
1661060142439 0.06233891
1661060160037 0.059454814
1661060178326 0.07713505
1661060202097 0.078799255
1661060214364 0.072071545
1661060229205 0.08526877
1661060253781 0.08702324
1661060275104 0.08810377
1661060290883 0.051209316
1661060308477 0.07142544
1661060326299 0.059245944
1661060345126 0.05959378
1661060360042 0.051775914
1661060384111 0.072503455
1661060400203 0.06424186
1661060417473 0.068271086
1661060435793 0.06819475
1661060455633 0.06634363
1661060468862 0.06909007
1661060485722 0.069159724
1661060502259 0.06981712
1661060518871 0.077876806
1661060532427 0.07181475
1661060551985 0.0760307
1661060571139 0.06897892
1661060589531 0.07869592
1661060607542 0.075857826
1661060626646 0.06785881
1661060642162 0.051887818
1661060657631 0.06471439
1661060681703 0.064233355
1661060704196 0.062412053
1661060716586 0.075151026
1661060733632 0.06934559
1661060746138 0.07036389
1661060761197 0.05484847
1661060777243 0.079383925
1661060793418 0.081229046
1661060819100 0.0827645
1661060839655 0.06630981
1661060858016 0.07951123
1661060871677 0.053381372
1661060885483 0.053453267
1661060903318 0.070915714
1661060914808 0.059569653
1661060936146 0.0438627
1661060949608 0.07093222
1661060970359 0.06330695
1661060992970 0.067664534
1661061014950 0.054057214
1661061037342 0.06783763
1661061060635 0.061190397
1661061089780 0.08690263
1661061107251 0.06030119
1661061124069 0.06367636
1661061140390 0.08347304
1661061156376 0.069986776
1661061177733 0.05752979
1661061202473 0.05653423
1661061219608 0.072894186
1661061237771 0.070860006
1661061256988 0.069787405
1661061272337 0.046074726
1661061289300 0.068114735
1661061308813 0.0653573
1661061324393 0.06289008
1661061343898 0.06894692
1661061357483 0.062263083
1661061374640 0.05975464
1661061389960 0.062680885
1661061406723 0.08127953
1661061432771 0.08215201
1661061447151 0.07329502
1661061476149 0.080437735
1661061489965 0.065875165
1661061506338 0.05649357
1661061521380 0.064900585
1661061537434 0.06460593
1661061551341 0.076425
1661061564683 0.06951888
1661061581348 0.07054564
1661061598195 0.07927667
1661061612408 0.063688785
1661061628266 0.07196584
1661061647808 0.07217679
1661061661553 0.049382593
1661061675062 0.07005756
1661061697696 0.06298225
1661061721491 0.06436503
1661061735103 0.0670391
1661061750472 0.058581434
1661061765902 0.067463346
1661061779402 0.071076766
1661061790848 0.07108432
1661061815985 0.08422852
1661061833597 0.06995337
1661061850876 0.07024345
1661061868842 0.08092937
1661061884431 0.070917994
1661061908712 0.07059511
1661061928241 0.05638529
1661061953459 0.08280847
1661061977995 0.07245115
1661061996959 0.06538235
1661062015855 0.07443872
1661062033604 0.06699448
1661062054258 0.06713294
1661062078631 0.058108766
1661062102615 0.085692585
1661062119514 0.068118185
1661062136685 0.072530575
1661062154508 0.06727826
1661062170579 0.072048545
1661062188320 0.07441935
1661062202449 0.071653545
1661062216467 0.0661365
1661062239975 0.059874494
1661062263042 0.08215306
1661062280008 0.06471955
1661062295363 0.06822666
1661062313018 0.0600952
1661062335302 0.0751131
1661062347799 0.07085059
1661062364674 0.05759809
1661062387014 0.06233666
1661062407427 0.06884222
1661062430768 0.078024216
1661062447882 0.069782875
1661062461355 0.06451773
1661062479952 0.07257329
1661062495176 0.056495592
1661062509260 0.0696428
1661062529075 0.06778
1661062548376 0.058592584
1661062570526 0.06817966
1661062588268 0.067660816
1661062614996 0.086352624
1661062631711 0.080672234
1661062648132 0.07201986
1661062662502 0.07020108
1661062676938 0.05681224
1661062702792 0.08351894
1661062716564 0.06797167
1661062734498 0.08052722
1661062763251 0.08165061
1661062778964 0.071609356
1661062797183 0.07845893
1661062814500 0.08180731
1661062832937 0.0709261
1661062851092 0.062289257
1661062865457 0.0555477
1661062880249 0.06793472
1661062908279 0.05251445
1661062921216 0.065317616
1661062941494 0.06746035
1661062956421 0.068135105
1661062969569 0.064029954
1661062991519 0.05124158
1661063008641 0.06641631
1661063030334 0.06977755
1661063056037 0.085281566
1661063072980 0.065423936
1661063090581 0.06798709
1661063103884 0.07486227
1661063126983 0.046164855
1661063143946 0.066076934
1661063160864 0.04643345
1661063186246 0.0846497
1661063201490 0.0523808
1661063216759 0.0685635
1661063237590 0.06590111
1661063254065 0.07571539
1661063268094 0.06823815
1661063285571 0.059814304
1661063297110 0.056892563
1661063314848 0.07289771
1661063340492 0.08191787
1661063359982 0.066212565
1661063379023 0.068340346
1661063405744 0.09184619
1661063422880 0.06384375
1661063437754 0.07433652
1661063452326 0.06960856
1661063472621 0.061903205
1661063491389 0.06964119
1661063506594 0.0745601
1661063529089 0.08655288
1661063548662 0.06926222
1661063565744 0.068796255
1661063581366 0.0817918
1661063597462 0.06498497
1661063614406 0.06514602
1661063640714 0.08319295
1661063659027 0.06768478
1661063672938 0.05302537
1661063687941 0.05196003
1661063706393 0.07996137
1661063725728 0.055475876
1661063742693 0.06963306
1661063760122 0.06118679
1661063788243 0.056929164
1661063807241 0.068000734
1661063820649 0.069341175
1661063839952 0.06655492
1661063857477 0.0636797
1661063872574 0.062103346
1661063895070 0.06772345
1661063906788 0.07092213
1661063928938 0.06771003
1661063941319 0.06810315
1661063953318 0.055960372
1661063979115 0.08066821
1661063996445 0.06795989
1661064014741 0.06628416
1661064031677 0.067913994
1661064046950 0.047291175
1661064064140 0.07165779
1661064078719 0.05200391
1661064098597 0.074901
1661064113443 0.062545866
1661064137345 0.07085347
1661064155529 0.058497924
1661064176633 0.04339907
1661064192080 0.07215589
1661064214790 0.06322149
1661064236506 0.058497295
1661064249009 0.068988234
1661064263144 0.051983934
1661064285805 0.08377798
1661064307237 0.06606411
1661064321999 0.056397658
1661064337783 0.060274467
1661064356269 0.068107456
1661064379929 0.08534252
1661064393831 0.062181056
1661064417027 0.06366795
1661064436112 0.079612255
1661064449392 0.07388059
1661064470149 0.08802594
1661064481059 0.06977745
1661064493211 0.06873949
1661064514737 0.08541211
1661064535352 0.07950776
1661064553178 0.07449341
1661064572566 0.06926365
1661064591981 0.05950914
1661064613038 0.06239164
1661064629271 0.051432673
1661064644017 0.05706658
1661064659605 0.06727291
1661064679708 0.06795594
1661064700860 0.06636439
1661064715313 0.07223485
1661064734296 0.06666755
1661064751004 0.06914149
1661064770388 0.07180199
1661064788358 0.06393877
1661064804972 0.07194657
1661064824647 0.060446955
1661064839879 0.06047553
1661064863066 0.069385484
1661064885542 0.083058186
1661064903540 0.065341376
1661064920299 0.078935914
1661064935761 0.06422255
1661064950742 0.057702605
1661064972698 0.08133963
1661064994340 0.056144167
1661065015037 0.053619545
1661065040032 0.0944339
1661065055701 0.06483166
1661065070525 0.07110459
1661065094727 0.087024935
1661065106232 0.06399217
1661065123221 0.071891434
1661065143589 0.054413803
1661065168872 0.055207036
1661065186103 0.065343454
1661065200970 0.063546285
1661065218348 0.068316884
1661065233542 0.060644098
1661065255318 0.048599403
1661065272614 0.06806744
1661065290091 0.07034922
1661065305870 0.060613107
1661065321118 0.05361458
1661065334438 0.071365625
1661065358135 0.089322194
1661065380073 0.06579878
1661065396060 0.06635054
1661065423974 0.083587304
1661065439552 0.07430606
1661065452676 0.06464725
1661065465901 0.07788342
1661065489678 0.09372531
1661065507517 0.0658876
1661065525427 0.06598571
1661065540223 0.0662985
1661065554326 0.067027375
1661065569554 0.068527944
1661065585843 0.073620446
1661065602957 0.07825694
1661065619717 0.070499964
1661065637180 0.064243756
1661065652576 0.07888915
1661065671497 0.073574185
1661065697056 0.08151336
1661065713353 0.07273587
1661065728607 0.05714866
1661065740918 0.069807835
1661065756078 0.05657004
1661065771496 0.04507068
1661065788420 0.07040206
1661065810766 0.062150985
1661065832054 0.07817343
1661065846400 0.053731576
1661065862064 0.05691284
1661065888959 0.086957365
1661065908341 0.06505748
1661065931042 0.08223516
1661065943004 0.0659566
1661065960380 0.071309395
1661065979837 0.055464398
1661065998885 0.068620995
1661066025666 0.082219385
1661066040695 0.06808742
1661066055145 0.06168538
1661066072488 0.06890705
1661066091762 0.054007698
1661066106595 0.046023365
1661066122242 0.06754657
1661066139096 0.06651607
1661066168555 0.051937215
1661066188157 0.077360794
1661066207678 0.06537087
1661066237666 0.08432984
1661066259577 0.08164902
1661066279706 0.055957764
1661066298945 0.06901477
1661066313235 0.06575413
1661066338742 0.08293318
1661066355057 0.07063718
1661066367928 0.062987894
1661066382738 0.054749448
1661066400422 0.07739397
1661066421258 0.06343247
1661066440384 0.06356403
1661066458032 0.07396513
1661066473164 0.057941258
1661066496965 0.07441106
1661066519916 0.06947143
1661066547082 0.08486494
1661066562786 0.06522302
1661066591618 0.07901742
1661066605092 0.06481336
1661066618782 0.06695251
1661066641795 0.069606
1661066652812 0.06160319
1661066673952 0.07012608
1661066687442 0.04942194
1661066705151 0.059274584
1661066722925 0.066681735
1661066737790 0.06712959
1661066758855 0.05269933
1661066776168 0.06934034
1661066801572 0.08166191
1661066814824 0.06502667
1661066831720 0.066890016
1661066847316 0.06703488
1661066865807 0.0610595
1661066880219 0.05610091
1661066901889 0.07196354
1661066916930 0.067798674
1661066936700 0.07232791
1661066950944 0.050594687
1661066964591 0.07462867
1661066980561 0.063442566
1661067006005 0.06886785
1661067022783 0.0717924
1661067039575 0.072957754
1661067056957 0.06515483
1661067073230 0.07109848
1661067088085 0.06839865
1661067113760 0.08143731
1661067131000 0.07736302
1661067152152 0.06016149
1661067173062 0.06357475
1661067188787 0.06191271
1661067202232 0.066062264
1661067223440 0.06112156
1661067246883 0.05957165
1661067267816 0.07048561
1661067286140 0.071893975
1661067305565 0.069442116
1661067325317 0.08198278
1661067345312 0.08136365
1661067362147 0.06520782
1661067379633 0.06766142
1661067393773 0.070345074
1661067407478 0.06682894
1661067428863 0.07051089
1661067441866 0.063644394
1661067456949 0.08201804
1661067474231 0.048804983
1661067493776 0.06962612
1661067515137 0.06356195
1661067540900 0.082506955
1661067560051 0.0771499
1661067579742 0.06924696
1661067596682 0.06593485
1661067619920 0.05994705
1661067636048 0.06914518
1661067653961 0.06952342
1661067668257 0.06328638
1661067686443 0.079079725
1661067702192 0.066986315
1661067719126 0.06115675
1661067733972 0.06619102
1661067748774 0.08240137
1661067764838 0.0675473
1661067781503 0.05391827
1661067800108 0.057550747
1661067820078 0.06713762
1661067835542 0.06864893
1661067859928 0.074580416
1661067875766 0.074334495
1661067901186 0.08102725
1661067917488 0.066108525
1661067928443 0.062100295
1661067944419 0.07309081
1661067959639 0.0811212
1661067975450 0.06558924
1661067989910 0.06733899
1661068006853 0.06384178
1661068028362 0.06660051
1661068052876 0.060168777
1661068074769 0.0773625
1661068091810 0.06778798
1661068114618 0.060417164
1661068139843 0.06714457
1661068153464 0.06586031
1661068168937 0.058706027
1661068189556 0.088036746
1661068206360 0.055479504
1661068226644 0.05541878
1661068244453 0.06605553
1661068263431 0.07945723
1661068280594 0.07567018
1661068302745 0.08005037
1661068320426 0.06509257
1661068335721 0.06904439
1661068356223 0.060051788
1661068374114 0.06487208
1661068388431 0.07408904
1661068411010 0.057973634
1661068426893 0.07316088
1661068443370 0.050453853
1661068461560 0.07832069
1661068477194 0.067966945
1661068501108 0.08594684
1661068522053 0.057605002
1661068539536 0.07128301
1661068563774 0.069435604
1661068581584 0.07164269
1661068596381 0.066852756
1661068613474 0.0718784
1661068630313 0.050736327
1661068653875 0.08486333
1661068675984 0.055380076
1661068698710 0.07917228
1661068714527 0.063795045
1661068732426 0.06411064
1661068748781 0.06708247
1661068763449 0.052828148
1661068775752 0.06715974
1661068788734 0.06810783
1661068811078 0.08118729
1661068828526 0.07123887
1661068842413 0.0738214
1661068856155 0.06550204
1661068873891 0.07773653
1661068891453 0.06435981
1661068908194 0.07147642
1661068931753 0.06631218
1661068945700 0.073107935
1661068961841 0.057149217
1661068983350 0.07908262
1661069003885 0.061970543
1661069028269 0.06452251
1661069050956 0.062009506
1661069067825 0.063342325
1661069085021 0.06735408
1661069111017 0.08308174
1661069125933 0.066541255
1661069147328 0.05504382
1661069165047 0.076217145
1661069180832 0.060715493
1661069197694 0.070821755
1661069214783 0.06678204
1661069237541 0.058721982
1661069253081 0.059006013
1661069274114 0.06870518
1661069291318 0.065145634
1661069311160 0.06676242
1661069323932 0.06292293
1661069346873 0.053445473
1661069362043 0.06575526
1661069378286 0.06369514
1661069400358 0.079340324
1661069417954 0.059462674
1661069434567 0.05367369
1661069445820 0.06917155
1661069463183 0.06790999
1661069479335 0.07087358
1661069498200 0.06836339
1661069514285 0.07379433
1661069529349 0.058696598
1661069548186 0.06408429
1661069568745 0.07084741
1661069581921 0.060289945
1661069599913 0.06337498
1661069621113 0.06148293
1661069632999 0.053841174
1661069650537 0.07076762
1661069669384 0.062610105
1661069687289 0.065145664
1661069704117 0.052417368
1661069715899 0.06287261
1661069733413 0.061464787
1661069751135 0.06602358
1661069777967 0.08007595
1661069792430 0.04735713
1661069816933 0.061519135
1661069831694 0.053986114
1661069849324 0.05505319
1661069873548 0.06965951
1661069894247 0.060826436
1661069908491 0.07543594
1661069924381 0.06801483
1661069942400 0.07439594
1661069954866 0.06581444
1661069972158 0.07376406
1661069996678 0.06559483
1661070011773 0.06765569
1661070030741 0.06268681
1661070050870 0.067536145
1661070063864 0.073642544
1661070082239 0.06323695
1661070108812 0.080422856
1661070124023 0.048037764
1661070140354 0.055539604
1661070157897 0.06850337
1661070176694 0.07884378
1661070198283 0.06118238
1661070214715 0.07548557
1661070230337 0.06660203
1661070247517 0.061013192
1661070262437 0.06512025
1661070276640 0.069823235
1661070292792 0.056469202
1661070315189 0.05920745
1661070331935 0.07377873
1661070354422 0.061505903
1661070384610 0.084397
1661070403860 0.07720958
1661070422019 0.07119304
1661070440657 0.066922344
1661070463118 0.079559155
1661070479937 0.06821458
1661070497993 0.06169236
1661070519213 0.08492692
1661070537557 0.056552496
1661070562791 0.08250406
1661070581793 0.06497753
1661070594347 0.06517571
1661070606850 0.06413817
1661070624785 0.06650938
1661070638189 0.07583016
1661070660610 0.081288226
1661070678527 0.06483531
1661070701891 0.05220618
1661070719880 0.06386238
1661070735029 0.062252723
1661070748097 0.064011686
1661070762354 0.067460045
1661070775719 0.05658128
1661070792614 0.06698216
1661070813786 0.07827798
1661070831540 0.06475118
1661070853113 0.08359261
1661070867229 0.06681441
1661070890513 0.07710857
1661070909077 0.0704614
1661070933913 0.06739599
1661070961073 0.052499015
1661070977950 0.070551
1661070995151 0.070226155
1661071009442 0.06462353
1661071026874 0.067417294
1661071041051 0.058515176
1661071060758 0.071204804
1661071076624 0.06715681
1661071094992 0.068089545
1661071110887 0.06729061
1661071124933 0.06385188
1661071138942 0.06736716
1661071151922 0.060695942
1661071168192 0.0675549
1661071183754 0.077704206
1661071204462 0.06612369
1661071216714 0.066980414
1661071242683 0.06753305
1661071258262 0.07786759
1661071280125 0.061472382
1661071295440 0.07139327
1661071318609 0.088512525
1661071335300 0.07192622
1661071361918 0.091998436
1661071387142 0.08239393
1661071405883 0.06954376
1661071422694 0.062957466
1661071444704 0.051428687
1661071460962 0.080386564
1661071487065 0.07874257
1661071498137 0.05887462
1661071522856 0.06375587
1661071550044 0.08341272
1661071563261 0.058301236
1661071585923 0.062183257
1661071601170 0.0651995
1661071618811 0.07243503
1661071637625 0.0576173
1661071667141 0.07911148
1661071679168 0.065157585
1661071699124 0.084920265
1661071723032 0.05891041
1661071746150 0.066413805
1661071764498 0.076630116
1661071776100 0.053500377
1661071794238 0.078389496
1661071821638 0.08135999
1661071846496 0.05931032
1661071857817 0.068106495
1661071874809 0.06954867
1661071900036 0.0685805
1661071917646 0.07112982
1661071944707 0.080235735
1661071959757 0.06547447
1661071979081 0.054853663
1661071998694 0.078240074
1661072024724 0.053652056
1661072039372 0.06955688
1661072055973 0.06588903
1661072077854 0.08141587
1661072099138 0.043594133
1661072117914 0.064585865
1661072136452 0.0724106
1661072154504 0.0655313
1661072172373 0.07275422
1661072188932 0.06744144
1661072212696 0.0690832
1661072234314 0.06403761
1661072251480 0.06675793
1661072266739 0.05400426
1661072287086 0.059265636
1661072308612 0.062670015
1661072328571 0.06605334
1661072350851 0.080239736
1661072363943 0.07028594
1661072380497 0.076462194
1661072398661 0.072393164
1661072416161 0.07580416
1661072434120 0.07398188
1661072457830 0.08614595
1661072476754 0.06818007
1661072490469 0.06644176
1661072511461 0.05900843
1661072534779 0.08022455
1661072551592 0.066288754
1661072573912 0.073433
1661072588612 0.058496915
1661072602720 0.062383063
1661072619827 0.07161354
1661072636532 0.06502002
1661072652264 0.06152207
1661072669739 0.067794025
1661072686924 0.076207526
1661072703892 0.06426827
1661072725603 0.05005896
1661072740518 0.05417913
1661072767523 0.084655434
1661072784962 0.053991944
1661072811433 0.07974169
1661072824795 0.070974536
1661072839092 0.06821231
1661072856037 0.06652629
1661072871201 0.06106889
1661072889926 0.062275805
1661072904434 0.068259954
1661072919043 0.06562739
1661072935889 0.068821795
1661072956206 0.0509456
1661072977014 0.06253778
1661072992240 0.06448656
1661073009449 0.06959289
1661073031587 0.04661452
1661073053045 0.07961982
1661073068648 0.077103645
1661073085684 0.060109735
1661073100259 0.06805008
1661073114323 0.06713121
1661073135783 0.06356226
1661073154583 0.054080486
1661073174778 0.05108969
1661073189552 0.05877382
1661073208844 0.05602954
1661073224045 0.06616686
1661073241678 0.06428113
1661073258013 0.060042582
1661073280462 0.05926884
1661073307431 0.079337224
1661073332934 0.07820704
1661073346847 0.06386349
1661073365074 0.063472524
1661073380227 0.053863097
1661073396665 0.07505129
1661073415718 0.061838
1661073435029 0.05887587
1661073457873 0.06535592
1661073475096 0.07854945
1661073499230 0.06806209
1661073524656 0.07942341
1661073546065 0.06181807
1661073563170 0.06766502
1661073582482 0.06476897
1661073599867 0.063566074
1661073622474 0.05627408
1661073639359 0.07219721
1661073660789 0.06759361
1661073683455 0.07201672
1661073704786 0.058449477
1661073726300 0.0760226
1661073744011 0.07069111
1661073761284 0.059344154
1661073780038 0.072684385
1661073794291 0.062298838
1661073809764 0.0596682
1661073825069 0.0653954
1661073840059 0.06398151
1661073857587 0.07175551
1661073875626 0.06368647
1661073902585 0.08616981
1661073922072 0.052442867
1661073936886 0.0630614
1661073956792 0.059581246
1661073979062 0.07994131
1661073996247 0.065720506
1661074019153 0.065640144
1661074042503 0.065363735
1661074058819 0.062442772
1661074075404 0.07010208
1661074091090 0.058125585
1661074112760 0.05607453
1661074137852 0.08116954
1661074154938 0.06414176
1661074171802 0.06756279
1661074184095 0.05683013
1661074198616 0.07161687
1661074211210 0.057787143
1661074235865 0.06251114
1661074251595 0.055810057
1661074269628 0.057718165
1661074287904 0.0732572
1661074303006 0.06395493
1661074326802 0.08328483
1661074344514 0.06024109
1661074362975 0.078509584
1661074379956 0.06896861
1661074403115 0.07701831
1661074420677 0.06617039
1661074433471 0.05294269
1661074448489 0.06436236
1661074467353 0.06670168
1661074485259 0.06305492
1661074500029 0.0587345
1661074519274 0.0654498
1661074540596 0.083821654
1661074562475 0.06160986
1661074579738 0.04658128
1661074595034 0.07787108
1661074617973 0.06561783
1661074635383 0.06467275
1661074662154 0.09327536
1661074681627 0.067938
1661074697017 0.069499224
1661074713731 0.06079659
1661074735782 0.062772185
1661074758733 0.05974893
1661074775963 0.068043314
1661074791257 0.06503184
1661074808582 0.06560709
1661074820925 0.06549502
1661074840100 0.06533708
1661074859855 0.06438379
1661074877308 0.061431628
1661074898044 0.06257714
1661074915939 0.06110626
1661074932818 0.07080829
1661074958377 0.07998462
1661074974114 0.06704028
1661074993002 0.05878021
1661075014906 0.047676716
1661075033795 0.068455294
1661075049097 0.06625837
1661075061619 0.06720303
1661075075659 0.06641884
1661075086559 0.06808755
1661075103437 0.06425647
1661075121273 0.06167301
1661075139173 0.06579232
1661075158594 0.06879781
1661075177094 0.062011853
1661075193377 0.06689392
1661075213900 0.057278316
1661075227146 0.06298384
1661075244598 0.06775097
1661075265821 0.049020115
1661075282923 0.07104946
1661075299925 0.067022935
1661075315293 0.06398758
1661075332818 0.05246696
1661075349119 0.065783665
1661075365624 0.05284958
1661075382017 0.047913376
1661075409801 0.07897293
1661075425164 0.06660583
1661075447789 0.06609101
1661075461170 0.06288243
1661075481034 0.053242743
1661075502423 0.045334704
1661075525228 0.08111592
1661075546751 0.060313154
1661075561256 0.069523044
1661075576374 0.062248453
1661075595264 0.066749215
1661075609586 0.06378777
1661075628257 0.06695484
1661075647802 0.07250677
1661075661323 0.06583264
1661075676880 0.065003194
1661075691087 0.06473767
1661075706328 0.043842554
1661075732006 0.08299409
1661075751991 0.06603536
1661075772503 0.059880234
1661075799850 0.08246313
1661075817689 0.06555031
1661075832081 0.0647592
1661075846953 0.080132864
1661075861642 0.06814359
1661075876387 0.063677214
1661075890373 0.05507307
1661075905633 0.04458043
1661075919839 0.06094392
1661075935667 0.065916106
1661075954746 0.06477883
1661075974379 0.067123085
1661075987942 0.07364673
1661076002042 0.065683864
1661076017155 0.062981024
1661076031269 0.060963787
1661076050744 0.06497432
1661076065565 0.062323485
1661076083701 0.07071938
1661076100433 0.068895526
1661076114455 0.061619677
1661076136672 0.05703308
1661076152636 0.06278502
1661076169847 0.06740459
1661076190615 0.065613076
1661076208723 0.07498668
1661076234930 0.061560255
1661076254284 0.054979518
1661076270709 0.07201559
1661076288399 0.06814626
1661076300432 0.05330161
1661076322698 0.057061702
1661076341651 0.061393045
1661076357293 0.06793703
1661076373451 0.06640556
1661076387029 0.06558905
1661076405428 0.064447746
1661076417959 0.059569005
1661076434345 0.06094538
1661076459855 0.07923501
1661076471495 0.052681882
1661076492346 0.080071054
1661076508825 0.07917386
1661076534986 0.08148729
1661076551185 0.06734892
1661076575244 0.06928452
1661076602569 0.081573285
1661076624418 0.06169441
1661076648731 0.06413545
1661076662570 0.062404934
1661076679363 0.07488079
1661076697412 0.07605327
1661076715862 0.072453044
1661076729758 0.06795655
1661076749450 0.07853051
1661076771773 0.06777993
1661076787684 0.06129125
1661076804685 0.061861742
1661076821029 0.07740144
1661076838457 0.06058411
1661076853597 0.060841694
1661076867430 0.061259333
1661076884859 0.072156034
1661076905368 0.06384649
1661076922208 0.06612331
1661076937077 0.05944698
1661076954086 0.05700872
1661076968836 0.06329982
1661076986634 0.06902165
1661077004231 0.0677679
1661077017148 0.07402856
1661077034920 0.06169635
1661077051613 0.06238206
1661077076827 0.08148549
1661077094712 0.06993821
1661077111149 0.0658649
1661077131523 0.056944158
1661077144033 0.05582053
1661077162848 0.058379572
1661077182782 0.06304151
1661077208177 0.07932618
1661077230218 0.067829
1661077246082 0.052862216
1661077267559 0.05680092
1661077285772 0.07708769
1661077309712 0.085328504
1661077322505 0.060544893
1661077334768 0.057394948
1661077353203 0.07733519
1661077370689 0.062292278
1661077388426 0.064623505
1661077405937 0.069085084
1661077419403 0.071471386
1661077435455 0.056869134
1661077455353 0.07914676
1661077466386 0.060536705
1661077482082 0.06565206
1661077503996 0.079643734
1661077526357 0.0801885
1661077542318 0.07096881
1661077556136 0.07215767
1661077574363 0.076331645
1661077585988 0.058169223
1661077605001 0.063490264
1661077623578 0.07660553
1661077646349 0.081153244
1661077666157 0.06730708
1661077679493 0.0621565
1661077706011 0.09229343
1661077735439 0.07927849
1661077752134 0.0689168
1661077765629 0.06596769
1661077793883 0.07918354
1661077810876 0.06758419
1661077825541 0.06402826
1661077846971 0.058063243
1661077872774 0.06752493
1661077887102 0.06697391
1661077900954 0.05486271
1661077920828 0.06481094
1661077946278 0.09216398
1661077965214 0.06322003
1661077981166 0.07579134
1661077999718 0.06930514
1661078016846 0.071207255
1661078037779 0.06072184
1661078056251 0.07504361
1661078074325 0.078941904
1661078090707 0.07275622
1661078109299 0.05705049
1661078128141 0.071277395
1661078144274 0.0735126
1661078161757 0.067226626
1661078182747 0.05768386
1661078203526 0.05414549
1661078220747 0.065255344
1661078236239 0.06410333
1661078254663 0.063489765
1661078276755 0.06267543
1661078298061 0.077672735
1661078312689 0.061720066
1661078336132 0.073668875
1661078357474 0.067553245
1661078370656 0.062668696
1661078389689 0.07889109
1661078406329 0.06945224
1661078427733 0.069443144
1661078450986 0.082522035
1661078464610 0.0485324
1661078484179 0.079239465
1661078507185 0.053327404
1661078520736 0.06644384
1661078533863 0.06598882
1661078550314 0.06974067
1661078568224 0.07105234
1661078586757 0.070886455
1661078603986 0.067662254
1661078626561 0.07951784
1661078641376 0.08027574
1661078653864 0.062307097
1661078672325 0.0594316
1661078683388 0.06654834
1661078700309 0.06422263
1661078713598 0.053490154
1661078737892 0.06859694
1661078760686 0.06752516
1661078781822 0.061012425
1661078803954 0.06067027
1661078818416 0.061602812
1661078842058 0.067147434
1661078862385 0.06669259
1661078883695 0.07920748
1661078897062 0.063550025
1661078912678 0.057262335
1661078937951 0.05390887
1661078955722 0.07030111
1661078972536 0.052458562
1661078993597 0.054361504
1661079008764 0.06374669
1661079037514 0.07942297
1661079054803 0.06505573
1661079068709 0.064605005
1661079092034 0.086478665
1661079112809 0.061071735
1661079130842 0.06642052
1661079150563 0.071910925
1661079172922 0.077974245
1661079187109 0.06746168
1661079203101 0.07243039
1661079219842 0.07232838
1661079236223 0.060898766
1661079263692 0.093674414
1661079294210 0.082048856
1661079306866 0.06513138
1661079325310 0.07738763
1661079339540 0.05982559
1661079361541 0.07869268
1661079382099 0.057057943
1661079404822 0.07943499
1661079433770 0.07757062
1661079458049 0.083543204
1661079473626 0.06327282
1661079489586 0.06110111
1661079514268 0.065792486
1661079529430 0.053423595
1661079552623 0.08766503
1661079573713 0.059597556
1661079596501 0.045192268
1661079613746 0.06738124
1661079634157 0.065643415
1661079651161 0.068760216
1661079667844 0.06979318
1661079687341 0.067566305
1661079710261 0.059692044
1661079723276 0.061339848
1661079749815 0.09224645
1661079768373 0.06086126
1661079785883 0.06741799
1661079799588 0.06476562
1661079822283 0.065303266
1661079835969 0.07193294
1661079850737 0.05850127
1661079868372 0.07019471
1661079882225 0.061846726
1661079893504 0.067109786
1661079910970 0.060072187
1661079934922 0.07002362
1661079951247 0.06833787
1661079968942 0.07455608
1661079982974 0.062752426
1661080001984 0.061741777
1661080019217 0.069142
1661080036715 0.06732875
1661080053817 0.06890156
1661080076585 0.08034951
1661080090999 0.06494671
1661080112587 0.05412617
1661080127678 0.051815752
1661080142644 0.06477413
1661080159739 0.0659832
1661080184569 0.06145589
1661080203576 0.06571661
1661080220230 0.06064484
1661080236930 0.06244644
1661080253785 0.060828615
1661080276163 0.078513235
1661080297105 0.0563824
1661080315066 0.0730813
1661080333650 0.07182556
1661080352011 0.07540776
1661080365445 0.063593835
1661080382915 0.06298432
1661080397333 0.06700721
1661080410671 0.061609115
1661080432094 0.06947971
1661080446421 0.0669934
1661080466437 0.06459956
1661080485853 0.06794522
1661080511358 0.08067993
1661080532181 0.061847266
1661080546551 0.06658783
1661080563918 0.06316732
1661080584452 0.063640766
1661080596778 0.067155436
1661080614947 0.06786903
1661080632361 0.06669754
1661080648197 0.063704595
1661080665365 0.06266902
1661080683066 0.0576878
1661080694100 0.06034565
1661080713110 0.06429225
1661080731293 0.067586266
1661080748654 0.06583911
1661080771941 0.080779046
1661080791420 0.06432857
1661080810169 0.053429548
1661080834844 0.06317406
1661080851681 0.07508623
1661080869336 0.069187865
1661080888933 0.06582488
1661080904259 0.066050105
1661080917463 0.057116527
1661080932590 0.053619713
1661080951526 0.07071967
1661080969731 0.05575673
1661080985689 0.07534587
1661080998194 0.068057105
1661081015795 0.05790719
1661081032564 0.07485407
1661081049098 0.07320647
1661081067398 0.07227075
1661081088807 0.07891665
1661081104919 0.06728372
1661081118005 0.07128303
1661081133240 0.057179164
1661081145757 0.066808626
1661081160553 0.06403652
1661081183905 0.058855187
1661081198681 0.054555222
1661081214814 0.06556454
1661081232094 0.07475079
1661081246985 0.0705239
1661081264090 0.06462886
1661081277487 0.07366299
1661081290709 0.060518283
1661081305221 0.07006028
1661081327006 0.055617258
1661081343493 0.07065311
1661081366243 0.082125634
1661081385799 0.054340065
1661081412752 0.083994426
1661081430299 0.06902109
1661081449857 0.07895312
1661081463813 0.07210285
1661081480735 0.062184494
1661081505243 0.064458534
1661081522249 0.05687801
1661081534422 0.06508033
1661081558502 0.04417812
1661081576509 0.06482649
1661081593935 0.0650345
1661081608401 0.05842382
1661081630980 0.07922879
1661081654384 0.07521934
1661081676160 0.043265432
1661081692850 0.0731778
1661081719067 0.081205994
1661081735409 0.06896558
1661081758069 0.065522015
1661081778594 0.05837804
1661081792804 0.061530527
1661081812790 0.0650201
1661081830023 0.075228944
1661081854084 0.08222722
1661081873045 0.07051507
1661081894553 0.06327908
1661081912416 0.055892926
1661081929437 0.0677515
1661081944401 0.048222523
1661081968767 0.06700757
1661081984186 0.064313695
1661082002519 0.06855361
1661082029319 0.08325624
1661082045045 0.059774242
1661082064912 0.052627653
1661082082944 0.061528128
1661082100132 0.06385469
1661082116553 0.072235465
1661082142167 0.07886406
1661082155663 0.0477072
1661082177188 0.063939385
1661082193168 0.06221948
1661082207494 0.052784976
1661082224559 0.071069345
1661082243002 0.057742108
1661082267119 0.07444877
1661082283555 0.07115472
1661082297738 0.06646567
1661082309486 0.06071103
1661082323629 0.06082015
1661082349376 0.07814179
1661082369099 0.07215736
1661082390994 0.07672887
1661082413051 0.06722092
1661082432091 0.06113995
1661082445488 0.074185714
1661082463120 0.06612564
1661082483444 0.06443917
1661082502333 0.06549793
1661082518479 0.072928235
1661082540705 0.07297731
1661082557928 0.077621445
1661082587436 0.078141786
1661082602951 0.069591165
1661082623458 0.054244384
1661082643032 0.06539331
1661082659151 0.051441226
1661082674820 0.06362612
1661082700703 0.08019123
1661082717070 0.04756361
1661082735716 0.063307725
1661082751117 0.06436588
1661082770679 0.06491128
1661082788551 0.07132441
1661082805345 0.0682571
1661082825017 0.05879048
1661082843244 0.07648907
1661082860697 0.06798504
1661082880390 0.068182096
1661082898034 0.06389793
1661082914529 0.07174155
1661082932482 0.073596746
1661082949670 0.06455406
1661082969779 0.07606065
1661082984253 0.06701315
1661083011587 0.08126759
1661083028636 0.045340493
1661083043862 0.04657505
1661083065531 0.06884129
1661083080880 0.062434744
1661083097369 0.07803378
1661083112701 0.059879307
1661083133964 0.057836037
1661083154280 0.066376366
1661083175770 0.07512545
1661083196065 0.062919945
1661083219161 0.057880566
1661083241641 0.05481465
1661083256016 0.051155422
1661083279498 0.07312556
1661083301146 0.062819324
1661083319514 0.06716634
1661083336936 0.062658094
1661083359488 0.08335586
1661083378352 0.06113673
1661083395352 0.06841742
1661083421225 0.07808934
1661083436684 0.059155576
1661083456655 0.07767861
1661083477316 0.07689363
1661083496845 0.06251278
1661083516430 0.06494891
1661083533169 0.052569132
1661083551143 0.062212862
1661083566302 0.064195745
1661083580671 0.061717395
1661083600621 0.05651369
1661083622494 0.060962662
1661083646305 0.08250927
1661083663199 0.046455365
1661083685252 0.058972213
1661083700166 0.062870145
1661083715291 0.059938464
1661083730916 0.054500293
1661083749369 0.07222181
1661083768893 0.06735303
1661083785764 0.06563264
1661083802955 0.067149915
1661083824379 0.07717347
1661083844947 0.0596259
1661083860019 0.05433631
1661083889283 0.08329702
1661083906276 0.06648737
1661083921052 0.05347424
1661083934328 0.05305145
1661083948065 0.065011725
1661083965533 0.06183668
1661083981342 0.06265836
1661083998709 0.0661521
1661084012345 0.06203394
1661084031206 0.07274052
1661084047690 0.078107215
1661084062716 0.06325582
1661084081969 0.063033335
1661084105041 0.062078487
1661084120179 0.07842314
1661084137634 0.06855391
1661084159629 0.066743694
1661084178436 0.05791983
1661084198438 0.07241564
1661084218225 0.06229322
1661084232221 0.06980964
1661084247318 0.061836876
1661084277645 0.0499678
1661084295098 0.0559774
1661084311375 0.050535694
1661084325923 0.06835231
1661084343023 0.06615418
1661084358417 0.06564615
1661084374123 0.061707325
1661084401077 0.08739156
1661084418308 0.056098677
1661084444495 0.06363894
1661084460574 0.070708685
1661084475705 0.07837769
1661084489658 0.070281774
1661084505077 0.04335864
1661084525633 0.069444805
1661084542605 0.047085192
1661084563605 0.055666845
1661084578607 0.052741535
1661084595595 0.044312205
1661084613147 0.05169084
1661084630021 0.060919892
1661084646754 0.06889863
1661084661156 0.053707834
1661084676393 0.043900806
1661084701875 0.06638256
1661084727296 0.081414156
1661084750022 0.041914895
1661084767718 0.0700417
1661084786614 0.06443173
1661084812752 0.06244381
1661084829340 0.044203375
1661084842701 0.05516467
1661084860838 0.057279695
1661084879096 0.06756236
1661084894430 0.053397343
1661084912441 0.07660271
1661084931209 0.055474766
1661084949878 0.06892312
1661084968934 0.068080954
1661084982275 0.0624722
1661084994560 0.063581765
1661085010210 0.060717154
1661085027609 0.07137003
1661085048908 0.0826296
1661085061924 0.06110171
1661085078464 0.067373544
1661085095713 0.05824209
1661085124394 0.07798035
1661085144034 0.07219203
1661085160122 0.056378722
1661085176952 0.06809001
1661085201946 0.059400234
1661085218888 0.06546428
1661085238905 0.065043755
1661085254760 0.07032751
1661085279074 0.06674503
1661085295760 0.05216673
1661085314243 0.071683474
1661085339808 0.079140946
1661085363944 0.06515077
1661085386873 0.06450488
1661085414125 0.081287585
1661085429653 0.059537392
1661085452934 0.051994026
1661085467780 0.052356586
1661085485983 0.06857278
1661085503590 0.061198626
1661085519921 0.063778885
1661085535454 0.05909104
1661085551982 0.061100055
1661085572345 0.08445107
1661085586122 0.04688228
1661085601179 0.06599504
1661085619391 0.06500238
1661085634270 0.0786403
1661085654485 0.06513277
1661085677494 0.051774263
1661085703027 0.08368639
1661085720751 0.05087139
1661085739879 0.05514486
1661085759032 0.06499593
1661085779792 0.053617306
1661085793827 0.061931398
1661085813882 0.06940937
1661085833773 0.06244391
1661085859591 0.051716443
1661085876496 0.06506927
1661085890495 0.06955941
1661085909020 0.05837594
1661085921303 0.064755246
1661085947465 0.06596623
1661085962215 0.07947661
1661085973281 0.06587542
1661085990043 0.06708326
1661086006015 0.060274232
1661086021727 0.064585745
1661086042847 0.053722836
1661086063653 0.061856583
1661086086040 0.07132303
1661086104152 0.062802546
1661086123658 0.06789918
1661086137652 0.06514374
1661086155003 0.047591284
1661086170748 0.060089093
1661086196220 0.078481175
1661086214023 0.06907836
1661086235621 0.081251875
1661086253179 0.05650473
1661086278633 0.09131082
1661086296156 0.06507033
1661086315862 0.053873133
1661086332110 0.06657374
1661086347342 0.051667824
1661086365306 0.06254904
1661086389297 0.067431934
1661086406246 0.04950654
1661086422965 0.068639204
1661086436277 0.068954006
1661086458637 0.05910922
1661086476329 0.065613985
1661086490689 0.06581602
1661086514060 0.0563579
1661086530906 0.051931597
1661086556672 0.08130162
1661086573648 0.05916904
1661086589677 0.06239084
1661086615897 0.052604564
1661086639120 0.06614152
1661086655634 0.055294853
1661086677977 0.06537112
1661086694899 0.06929402
1661086719362 0.06010959
1661086736845 0.058799073
1661086749383 0.06613826
1661086772200 0.058930118
1661086800333 0.05003924
1661086814753 0.062277794
1661086826524 0.06716869
1661086847119 0.06018342
1661086866686 0.06478417
1661086881531 0.06377966
1661086900200 0.062160537
1661086918994 0.07638352
1661086935953 0.058762398
1661086959265 0.08890963
1661086970551 0.06612236
1661086987947 0.06263974
1661087012982 0.09117295
1661087036788 0.07506984
1661087055610 0.057802252
1661087078231 0.07567762
1661087090093 0.06247148
1661087109719 0.06205867
1661087137570 0.077908956
1661087151796 0.067903616
1661087169835 0.072127916
1661087183592 0.06530805
1661087206969 0.06502905
1661087226197 0.064075656
1661087237218 0.058389183
1661087252372 0.06315952
1661087273291 0.068179
1661087298686 0.061496917
1661087314607 0.054612804
1661087325964 0.06710424
1661087340985 0.06472749
1661087364157 0.07865481
1661087386066 0.06019603
1661087408458 0.04658706
1661087426640 0.07373513
1661087448798 0.07673142
1661087477123 0.078393094
1661087496613 0.06676478
1661087509663 0.07079572
1661087528577 0.0664912
1661087551967 0.06448349
1661087573067 0.057731915
1661087587949 0.06634422
1661087605876 0.06921919
1661087619741 0.06453126
1661087637817 0.075042106
1661087666981 0.08381578
1661087686936 0.077027686
1661087706181 0.06514525
1661087727479 0.06771687
1661087748681 0.08278061
1661087769189 0.053746745
1661087792268 0.08474847
1661087813377 0.043990083
1661087826628 0.062072128
1661087841463 0.067041665
1661087859668 0.061740052
1661087875661 0.071639225
1661087900284 0.067570336
1661087917217 0.075196564
1661087930512 0.049929265
1661087944475 0.04774448
1661087965253 0.05288173
1661087982862 0.0670556
1661088000787 0.064805366
1661088018086 0.06458222
1661088029971 0.057187457
1661088043290 0.06968562
1661088061696 0.07432779
1661088080327 0.057663843
1661088092304 0.052146032
1661088112109 0.07160641
1661088124898 0.057618324
1661088138458 0.050674383
1661088156864 0.0734027
1661088171484 0.049828418
1661088188630 0.0655776
1661088206485 0.051880714
1661088225189 0.0716841
1661088246555 0.082143374
1661088261366 0.044158902
1661088283878 0.07986272
1661088295613 0.054274395
1661088317784 0.06509508
1661088343120 0.07696872
1661088365535 0.06494501
1661088384862 0.06674795
1661088404130 0.058008406
1661088417587 0.061216515
1661088430036 0.061699174
1661088450624 0.060657036
1661088466841 0.07835498
1661088486352 0.06531765
1661088508272 0.078470334
1661088522844 0.06511238
1661088538529 0.056677822
1661088556320 0.068219475
1661088577167 0.060121868
1661088592697 0.06418253
1661088608069 0.061791517
1661088629044 0.067049205
1661088651973 0.0754516
1661088671237 0.06367774
1661088686692 0.06827996
1661088700245 0.061647914
1661088718093 0.06554432
1661088738447 0.06602327
1661088752743 0.06259516
1661088766401 0.06102387
1661088787335 0.08345217
1661088805975 0.066690184
1661088821443 0.06588078
1661088845887 0.051600818
1661088862937 0.05982707
1661088880690 0.059402287
1661088895835 0.062078718
1661088906824 0.05875379
1661088923209 0.06403853
1661088938556 0.06511669
1661088957751 0.07680086
1661088975228 0.061081182
1661088994199 0.056128874
1661089011217 0.06089764
1661089026390 0.060229134
1661089050672 0.054905176
1661089073350 0.084799096
1661089092856 0.057506874
1661089104252 0.055613685
1661089119068 0.07866712
1661089145206 0.07858596
1661089164506 0.061483018
1661089178748 0.06539737
1661089204611 0.07977852
1661089222028 0.067573585
1661089238908 0.0644002
1661089253045 0.06333574
1661089272777 0.07745131
1661089287480 0.05120166
1661089312211 0.08112875
1661089329184 0.0672911
1661089347956 0.0694624
1661089369312 0.066612326
1661089383559 0.06612665
1661089400981 0.053997226
1661089421428 0.06478717
1661089435617 0.06363091
1661089454414 0.06614408
1661089467534 0.06097513
1661089479801 0.056629844
1661089493101 0.06750205
1661089509948 0.07281202
1661089533037 0.06530845
1661089559148 0.07840373
1661089570086 0.066256344
1661089590674 0.06249152
1661089611449 0.06143143
1661089629013 0.057518475
1661089643948 0.0519814
1661089660911 0.06349492
1661089678379 0.06177874
1661089690379 0.05271694
1661089708292 0.06260368
1661089731955 0.08460423
1661089753687 0.06696584
1661089780013 0.0628788
1661089794426 0.05206839
1661089813936 0.064231016
1661089841561 0.09279269
1661089854193 0.06107587
1661089875786 0.07408079
1661089892507 0.06684355
1661089908555 0.074589625
1661089929741 0.07652612
1661089947414 0.059157137
1661089965585 0.07539747
1661089981668 0.060204152
1661089999359 0.06717985
1661090013761 0.06534416
1661090027277 0.059092656
1661090048693 0.054521002
1661090066137 0.059725914
1661090085062 0.060249668
1661090102575 0.070272654
1661090125902 0.08530417
1661090143232 0.06433324
1661090161088 0.064112395
1661090177710 0.06519302
1661090197357 0.054120425
1661090215770 0.060455807
1661090243702 0.08027331
1661090258639 0.06335828
1661090280422 0.051779196
1661090300414 0.05627247
1661090318190 0.06890031
1661090336103 0.06982512
1661090351953 0.05924218
1661090375799 0.06696696
1661090390309 0.06117583
1661090409194 0.0757921
1661090433342 0.06639199
1661090452201 0.070498876
1661090480411 0.054396797
1661090503171 0.07969434
1661090530354 0.08176133
1661090547361 0.06551113
1661090561121 0.062338546
1661090578250 0.06229058
1661090593136 0.059520178
1661090611963 0.0758189
1661090624427 0.06939291
1661090641580 0.065064
1661090662305 0.06431744
1661090683260 0.05983227
1661090701867 0.0644003
1661090715675 0.06556381
1661090731250 0.07480125
1661090752222 0.06008286
1661090775353 0.06656337
1661090791897 0.052420344
1661090806695 0.056389034
1661090823886 0.0718524
1661090844842 0.057094116
1661090867690 0.05784048
1661090885682 0.07598201
1661090903523 0.0683571
1661090918682 0.05510796
1661090931946 0.06132875
1661090957743 0.08149261
1661090973353 0.054668553
1661090989862 0.05197603
1661091004975 0.06255651
1661091022405 0.07051805
1661091034898 0.06156542
1661091050380 0.06561107
1661091068975 0.06801949
1661091085263 0.06756704
1661091105594 0.058285765
1661091122516 0.063135095
1661091139543 0.059271023
1661091157208 0.064863734
1661091177944 0.06018384
1661091193756 0.056965806
1661091208274 0.062120084
1661091230377 0.055351134
1661091259152 0.07831554
1661091277982 0.05577841
1661091293308 0.05496452
1661091315184 0.054738786
1661091332564 0.077455156
1661091348233 0.06296562
1661091365167 0.06298615
1661091378355 0.059578847
1661091389419 0.0658528
1661091406449 0.05595091
1661091421308 0.062394783
1661091434891 0.06309511
1661091448567 0.047588494
1661091467656 0.077677175
1661091488145 0.06495159
1661091509028 0.055522673
1661091525911 0.06077138
1661091550095 0.052639198
1661091565761 0.06259942
1661091583392 0.053435203
1661091597683 0.059614398
1661091619660 0.07302849
1661091635011 0.065206565
1661091654887 0.07777295
1661091673382 0.060556304
1661091700027 0.07892389
1661091718976 0.062003292
1661091739660 0.06058665
1661091757826 0.07640278
1661091784754 0.077648915
1661091798411 0.05019527
1661091816542 0.069389984
1661091831064 0.062207352
1661091850681 0.0739501
1661091865433 0.056757584
1661091882710 0.06392415
1661091901118 0.062906295
1661091916613 0.05985921
1661091930260 0.063108265
1661091944834 0.045318224
1661091963619 0.06794495
1661091979345 0.054797746
1661092000139 0.06108486
1661092020693 0.068674415
1661092042097 0.053081285
1661092065788 0.08098167
1661092082651 0.0723841
1661092099957 0.05220624
1661092115427 0.066548854
1661092138205 0.046891022
1661092157515 0.05101189
1661092176642 0.063343816
1661092193554 0.06378969
1661092214964 0.044654265
1661092231852 0.06609405
1661092250760 0.06456901
1661092265664 0.07830467
1661092280649 0.06406923
1661092300366 0.06583832
1661092325042 0.06137267
1661092343451 0.07702123
1661092358500 0.055190157
1661092377851 0.06223366
1661092397947 0.057215907
1661092411469 0.064381905
1661092429270 0.06021936
1661092446139 0.06641227
1661092459674 0.06561872
1661092473341 0.06263818
1661092497448 0.06755715
1661092514467 0.058788154
1661092529797 0.04944809
1661092558807 0.07950325
1661092585587 0.07847508
1661092610932 0.078698955
1661092626228 0.063911155
1661092642475 0.076822184
1661092663804 0.057426967
1661092682044 0.06787021
1661092697877 0.06459192
1661092714672 0.068093
1661092731975 0.06367243
1661092743581 0.056814615
1661092760948 0.064829625
1661092775710 0.061705526
1661092788501 0.058738947
1661092804870 0.06185473
1661092824808 0.06487508
1661092846846 0.061786447
1661092873246 0.07843446
1661092888275 0.058814686
1661092907577 0.06675355
1661092929151 0.060167998
1661092950034 0.060963877
1661092969373 0.06283702
1661092988294 0.06512779
1661093005539 0.06370542
1661093019013 0.05908522
1661093036009 0.063583344
1661093053778 0.06242506
1661093072290 0.06453311
1661093095244 0.057226244
1661093114273 0.0633177
1661093129142 0.0585875
1661093151352 0.04764807
1661093168222 0.070033826
1661093188226 0.07785436
1661093212536 0.06723312
1661093230265 0.06628395
1661093255368 0.06189553
1661093274911 0.06532858
1661093290557 0.06244183
1661093308367 0.06302627
1661093331103 0.075106315
1661093355225 0.06813367
1661093369157 0.06344561
1661093382287 0.05027154
1661093401834 0.071003385
1661093418013 0.053347748
1661093447110 0.07622146
1661093471945 0.07195047
1661093489658 0.062432893
1661093504302 0.066028036
1661093516792 0.062343564
1661093536634 0.06631006
1661093555867 0.069669
1661093580148 0.06714305
1661093605394 0.06431006
1661093621810 0.052680057
1661093640967 0.067574345
1661093657318 0.065002374
1661093672431 0.060436826
1661093690477 0.062364727
1661093717267 0.087785035
1661093733167 0.06554679
1661093756426 0.08060329
1661093774900 0.07365468
1661093800254 0.07783
1661093821755 0.07551631
1661093838488 0.06483715
1661093853366 0.06205153
1661093877098 0.055590827
1661093893506 0.06757942
1661093915255 0.07193177
1661093932018 0.072983086
1661093957016 0.058316663
1661093972144 0.06340957
1661093990510 0.06402238
1661094005814 0.058203593
1661094023534 0.056335
1661094041811 0.0751254
1661094058250 0.07408666
1661094073860 0.071995325
1661094101724 0.08007202
1661094116953 0.06522644
1661094131697 0.051698845
1661094156141 0.071367286
1661094169398 0.054799803
1661094183255 0.05366933
1661094202739 0.06119371
1661094220542 0.06515549
1661094236749 0.06605455
1661094255084 0.06439243
1661094272976 0.061202116
1661094290930 0.06019736
1661094305566 0.059781197
1661094326857 0.07774276
1661094353864 0.09137848
1661094367886 0.06459557
1661094387832 0.07709375
1661094400533 0.05582151
1661094420487 0.055190362
1661094436337 0.06762351
1661094454509 0.07734222
1661094475126 0.058929823
1661094490984 0.06521656
1661094508765 0.07047005
1661094529561 0.055690307
1661094546738 0.072234765
1661094561769 0.06707223
1661094579729 0.06188206
1661094603723 0.05651803
1661094622687 0.06601156
1661094644630 0.077930585
1661094673512 0.07717468
1661094696259 0.07501742
1661094715480 0.07764331
1661094736927 0.051841926
1661094751339 0.06335264
1661094768559 0.06558316
1661094785571 0.062366746
1661094799620 0.060305443
1661094815973 0.058120433
1661094828734 0.06934134
1661094843824 0.060671728
1661094863007 0.073862314
1661094885400 0.07147143
1661094905064 0.07567368
1661094920306 0.06865376
1661094941178 0.062509656
1661094960182 0.059393864
1661094975273 0.068651706
1661094994664 0.053873137
1661095018970 0.05716181
1661095037487 0.07506561
1661095062791 0.07750006
1661095088995 0.060115427
1661095109812 0.08210831
1661095131163 0.075937755
1661095151276 0.06875727
1661095167410 0.05340901
1661095179714 0.05512834
1661095202679 0.06634814
1661095217826 0.058714412
1661095240068 0.05605185
1661095256372 0.06436612
1661095278970 0.045661997
1661095294350 0.062283162
1661095307999 0.0615477
1661095325658 0.07000543
1661095339966 0.061017327
1661095354678 0.0665944
1661095373629 0.059056923
1661095389261 0.058779906
1661095403062 0.048448164
1661095418145 0.06272095
1661095434249 0.0727757
1661095453644 0.055717543
1661095473150 0.05079003
1661095490903 0.06472578
1661095512939 0.049066894
1661095532293 0.06592942
1661095561173 0.07554402
1661095576515 0.044743933
1661095595415 0.05335503
1661095616014 0.06322386
1661095633465 0.06601218
1661095652112 0.06721497
1661095671849 0.063294604
1661095695523 0.06569449
1661095722397 0.07723383
1661095742394 0.052163858
1661095760281 0.06990857
1661095771760 0.06570379
1661095788351 0.06555245
1661095814366 0.07759272
1661095831645 0.046779174
1661095845920 0.058502685
1661095865550 0.06598938
1661095887384 0.045567688
1661095903426 0.065313056
1661095927230 0.08941699
1661095941059 0.06444674
1661095954896 0.070710935
1661095970035 0.05225994
1661095989644 0.06422945
1661096007217 0.0647053
1661096025358 0.0679955
1661096041009 0.066828944
1661096068198 0.08158659
1661096086267 0.06955022
1661096112805 0.081254326
1661096127793 0.053021334
1661096143423 0.056007348
1661096158881 0.063261114
1661096175970 0.064645804
1661096190118 0.04939994
1661096205245 0.057577904
1661096223161 0.061240714
1661096245672 0.045024287
1661096260825 0.06588622
1661096279194 0.06586343
1661096295867 0.0645074
1661096317990 0.076604635
1661096335869 0.06288454
1661096355672 0.07750622
1661096369049 0.07235266
1661096383181 0.05969976
1661096398387 0.053521946
1661096420478 0.058933746
1661096437408 0.061530884
1661096458761 0.066411264
1661096476968 0.058281086
1661096494071 0.06270167
1661096510985 0.06525276
1661096527512 0.06757868
1661096540910 0.06302899
1661096557110 0.054707933
1661096579248 0.061200544
1661096595087 0.06092283
1661096611810 0.0643827
1661096630413 0.055673633
1661096645448 0.063390404
1661096672655 0.05079835
1661096695524 0.0636431
1661096715856 0.049724214
1661096741096 0.079619385
1661096758220 0.06586576
1661096771775 0.06460667
1661096789868 0.0648367
1661096812186 0.07818032
1661096829099 0.06911064
1661096844959 0.069665
1661096861840 0.066876404
1661096881361 0.0513206
1661096899581 0.06990572
1661096916519 0.06779773
1661096932834 0.0655836
1661096952216 0.051808864
1661096965156 0.0714507
1661096982191 0.06269502
1661097000255 0.06989977
1661097015964 0.06453234
1661097033090 0.06647944
1661097055461 0.059427857
1661097076630 0.061821405
1661097091115 0.045834295
1661097105919 0.061112367
1661097122136 0.06460656
1661097148804 0.08297082
1661097167017 0.06284594
1661097185147 0.07534464
1661097210419 0.052728787
1661097237831 0.079221874
1661097254035 0.057233218
1661097267976 0.06862204
1661097286419 0.063984156
1661097304472 0.070985466
1661097331875 0.07677522
1661097345573 0.06346354
1661097363351 0.069132484
1661097390411 0.085348554
1661097404884 0.06728245
1661097427167 0.076172
1661097447280 0.05364707
1661097474650 0.078679584
1661097497969 0.06082522
1661097520922 0.06382935
1661097540029 0.052842572
1661097553959 0.04999268
1661097570679 0.062173676
1661097595540 0.057893474
1661097611251 0.06270488
1661097624037 0.059164084
1661097639888 0.051500335
1661097653321 0.06431905
1661097671710 0.075767055
1661097688321 0.06642827
1661097705526 0.064854234
1661097728892 0.050468445
1661097746319 0.063500315
1661097764485 0.07542756
1661097791886 0.07997146
1661097810275 0.060750816
1661097827369 0.07505487
1661097847142 0.058993753
1661097862312 0.062140048
1661097878308 0.06282943
1661097895394 0.066994585
1661097916655 0.06436243
1661097939655 0.075424895
1661097956773 0.073653385
1661097977194 0.053765103
1661097994071 0.06257393
1661098011975 0.06207877
1661098026960 0.07756472
1661098044028 0.06889747
1661098068049 0.056386974
1661098083349 0.062677786
1661098104260 0.067389406
1661098126988 0.07781939
1661098143145 0.06496202
1661098155544 0.06273446
1661098172395 0.05951356
1661098189155 0.06377851
1661098213766 0.08055833
1661098235183 0.058306966
1661098252849 0.06510697
1661098275418 0.058499556
1661098302103 0.08958703
1661098315114 0.05835952
1661098340445 0.052209236
1661098365985 0.07755315
1661098385197 0.05442674
1661098404069 0.061243873
1661098420365 0.049073756
1661098434965 0.06361488
1661098450728 0.06342344
1661098468379 0.064707525
1661098490304 0.07328219
1661098505350 0.062753536
1661098521821 0.07274642
1661098543114 0.060009185
1661098555601 0.05441642
1661098570861 0.0493954
1661098584369 0.0592459
1661098611205 0.08890959
1661098626760 0.056551233
1661098643956 0.066333
1661098657666 0.062599644
1661098679275 0.06266607
1661098691852 0.051599313
1661098706139 0.06185436
1661098725650 0.063011125
1661098743864 0.057911687
1661098769553 0.08090176
1661098784311 0.06185772
1661098803647 0.060417265
1661098819600 0.06053946
1661098839512 0.055559013
1661098854417 0.0629652
1661098870456 0.076084614
1661098891354 0.06828325
1661098913271 0.057090025
1661098933811 0.05867254
1661098950804 0.059334602
1661098975019 0.06964018
1661098999131 0.09021475
1661099014761 0.05685624
1661099038677 0.0814125
1661099055874 0.05757728
1661099073103 0.06678682
1661099094673 0.06701208
1661099115871 0.041056104
1661099129128 0.061778713
1661099148853 0.070455246
1661099168481 0.06502286
1661099186266 0.06264884
1661099202952 0.061060555
1661099228327 0.07743173
1661099242978 0.066277765
1661099258620 0.06627215
1661099269821 0.059377022
1661099286827 0.06301007
1661099307533 0.05054697
1661099327292 0.064722374
1661099342096 0.061863586
1661099358887 0.06878565
1661099371686 0.050969962
1661099394910 0.05733702
1661099412812 0.059015423
1661099429481 0.070588976
1661099447226 0.06280739
1661099473046 0.06602178
1661099492195 0.060751293
1661099507501 0.062085174
1661099521636 0.06531996
1661099548588 0.08332029
1661099574648 0.07947111
1661099591160 0.07266417
1661099604290 0.06004756
1661099624803 0.05825687
1661099642719 0.06197071
1661099658826 0.06305157
1661099670543 0.059376325
1661099693208 0.055071585
1661099713363 0.06442078
1661099731337 0.067044124
1661099745467 0.06161759
1661099756991 0.053752504
1661099773652 0.07532627
1661099795447 0.07734031
1661099812280 0.06203552
1661099830746 0.06426448
1661099851604 0.07804623
1661099870243 0.06748267
1661099892268 0.050116964
1661099905891 0.057555605
1661099922249 0.075076446
1661099939511 0.045358248
1661099962318 0.044108775
1661099973849 0.0592128
1661099997567 0.05067302
1661100014777 0.067142524
1661100036305 0.055331793
1661100050787 0.06548153
1661100068537 0.06339009
1661100087566 0.06180191
1661100104856 0.06392079
1661100125431 0.06274625
1661100143746 0.07113775
1661100161729 0.06766884
1661100179268 0.05015104
1661100199726 0.064038664
1661100213586 0.059871852
1661100229247 0.0632168
1661100243678 0.068481445
1661100258514 0.060620435
1661100272124 0.063166454
1661100286624 0.06593841
1661100304547 0.05971461
1661100316768 0.05137287
1661100335446 0.06548015
1661100360761 0.07391533
1661100376158 0.06185564
1661100397438 0.07471869
1661100414835 0.06497874
1661100431849 0.06621352
1661100448344 0.059643377
1661100469807 0.06574643
1661100485513 0.053884696
1661100502483 0.05959093
1661100522380 0.06235413
1661100543616 0.05135249
1661100558907 0.064559005
1661100581699 0.06605373
1661100595179 0.06974154
1661100612873 0.059153635
1661100631395 0.069119625
1661100649679 0.07070591
1661100667955 0.07320149
1661100686329 0.06755305
1661100703034 0.06617897
1661100727619 0.06850858
1661100747460 0.06832317
1661100763597 0.06132675
1661100781364 0.068371244
1661100800346 0.06197669
1661100818659 0.067278236
1661100840047 0.0413471
1661100861171 0.05614164
1661100875416 0.058544043
1661100897854 0.05578658
1661100920297 0.07638186
1661100938291 0.062187873
1661100953534 0.07636377
1661100968862 0.07536947
1661100984465 0.06782926
1661101004365 0.06320559
1661101025493 0.059405267
1661101040972 0.057170335
1661101055908 0.06244955
1661101069406 0.062062383
1661101092374 0.042973097
1661101109962 0.060649887
1661101129577 0.07005283
1661101145404 0.056009617
1661101158607 0.062096253
1661101179842 0.06273268
1661101194589 0.06151982
1661101210114 0.062187254
1661101230081 0.06294354
1661101250867 0.05951465
1661101276164 0.06639128
1661101293397 0.07158621
1661101305946 0.06325384
1661101325548 0.06538603
1661101346721 0.06546474
1661101370341 0.06318306
1661101383881 0.06343109
1661101401515 0.061882906
1661101421497 0.08147313
1661101441178 0.06312899
1661101458136 0.06226174
1661101471995 0.06541922
1661101489018 0.059829816
1661101504267 0.054388724
1661101533967 0.050553516
1661101551491 0.06710574
1661101566743 0.042652283
1661101584078 0.063928366
1661101600917 0.047356118
1661101622392 0.062092822
1661101647604 0.079028256
1661101666167 0.06727693
1661101678969 0.06380276
1661101695396 0.07215754
1661101712214 0.054366753
1661101729057 0.06035921
1661101754901 0.076697834
1661101765989 0.055751786
1661101784358 0.06349772
1661101801405 0.071733706
1661101822144 0.047820106
1661101842715 0.06430961
1661101859608 0.04839763
1661101876550 0.059293702
1661101898763 0.050539147
1661101917601 0.06198957
1661101937341 0.06882388
1661101955638 0.066476054
1661101971894 0.07007492
1661101989638 0.071527325
1661102006759 0.06854219
1661102032519 0.077668436
1661102043428 0.06544083
1661102057067 0.070260555
1661102076733 0.07678224
1661102098174 0.05670212
1661102113315 0.06008752
1661102134101 0.059599854
1661102155621 0.058732726
1661102171115 0.06314651
1661102184320 0.06014075
1661102200737 0.067828074
1661102218648 0.060219903
1661102244751 0.07649624
1661102262855 0.062280644
1661102282990 0.07778382
1661102298558 0.07393457
1661102317258 0.057096496
1661102334196 0.06327691
1661102354316 0.063290544
1661102371775 0.05991575
1661102386321 0.065510444
1661102402844 0.06287923
1661102414435 0.05939997
1661102429987 0.0481574
1661102446465 0.067170605
1661102466789 0.07621994
1661102489272 0.059445284
1661102505712 0.062610894
1661102524096 0.065104276
1661102551176 0.077923894
1661102564535 0.059876602
1661102579920 0.06676477
1661102596366 0.053543285
1661102610244 0.060177766
1661102627522 0.06469575
1661102648899 0.076622576
1661102665756 0.06666201
1661102680069 0.064826086
1661102698490 0.06779707
1661102719327 0.05289651
1661102737138 0.06164319
1661102758804 0.05789529
1661102774447 0.076080054
1661102791016 0.06545744
1661102809904 0.05646885
1661102822976 0.056948047
1661102841227 0.06354536
1661102856772 0.074132495
1661102873969 0.06686572
1661102890050 0.055671435
1661102903547 0.048436422
1661102919651 0.068741396
1661102936361 0.058364008
1661102959018 0.07895441
1661102978081 0.07024072
1661102995664 0.06679995
1661103010114 0.059050765
1661103026219 0.06398497
1661103037853 0.05063612
1661103056330 0.06695035
1661103079228 0.077019244
1661103092042 0.05668255
1661103114304 0.05436315
1661103128189 0.06308272
1661103148698 0.058491517
1661103172326 0.042960953
1661103198054 0.07599245
1661103219111 0.056210097
1661103240361 0.058911912
1661103257453 0.06333421
1661103269087 0.05077852
1661103287743 0.07502751
1661103311992 0.08178171
1661103332942 0.08130874
1661103349577 0.062631324
1661103366358 0.06407918
1661103383543 0.06458652
1661103402019 0.075850844
1661103423087 0.08120442
1661103438237 0.07254455
1661103455506 0.061697435
1661103473352 0.063698605
1661103489827 0.05936415
1661103515073 0.0788089
1661103533429 0.06341059
1661103547491 0.065206096
1661103563439 0.069172174
1661103577692 0.070806436
1661103589685 0.0617961
1661103603817 0.06831188
1661103631177 0.07956618
1661103651183 0.051818646
1661103669072 0.06165672
1661103686871 0.06296101
1661103710170 0.07413791
1661103735850 0.077466555
1661103756864 0.061023865
1661103774607 0.068065695
1661103798362 0.082927756
1661103814008 0.04636781
1661103827341 0.068894885
1661103839383 0.06236385
1661103856569 0.046273753
1661103874060 0.0670282
1661103889890 0.05903127
1661103912748 0.066008374
1661103933538 0.0486917
1661103955287 0.05746524
1661103971889 0.066413864
1661103992298 0.05735155
1661104007338 0.04866327
1661104026694 0.053117342
1661104041973 0.05695653
1661104064767 0.054375608
1661104090974 0.07820472
1661104103760 0.055125322
1661104121783 0.06628443
1661104134897 0.06415526
1661104150118 0.057360254
1661104168713 0.07420644
1661104182139 0.063267745
1661104200579 0.06257723
1661104216808 0.06571679
1661104233983 0.06546242
1661104256776 0.06030949
1661104271460 0.05233294
1661104286753 0.07479715
1661104308271 0.06704023
1661104323111 0.077252075
1661104336219 0.066643365
1661104362116 0.0774395
1661104381372 0.065782316
1661104398241 0.04973841
1661104414837 0.068060145
1661104432407 0.060917128
1661104446645 0.048101697
1661104460733 0.047876753
1661104474931 0.058599673
1661104488900 0.046349067
1661104506758 0.060268525
1661104532516 0.07703019
1661104550949 0.057655383
1661104569647 0.061713997
1661104594027 0.061987113
1661104619271 0.07956188
1661104644114 0.064881355
1661104661978 0.059433937
1661104679748 0.070503555
1661104702036 0.077428415
1661104718794 0.0742072
1661104737311 0.074711666
1661104755489 0.053276125
1661104769180 0.061986208
1661104786713 0.07626639
1661104805934 0.07442695
1661104820616 0.06526274
1661104835563 0.06722487
1661104858500 0.058576092
1661104882745 0.05462586
1661104897215 0.06598684
1661104922963 0.07841927
1661104943632 0.061525993
1661104955164 0.052350055
1661104978703 0.06463012
1661104992921 0.04705258
1661105019290 0.07857955
1661105036503 0.06238632
1661105054014 0.05617971
1661105069913 0.06093508
1661105090537 0.082152046
1661105112720 0.052169852
1661105132084 0.077310696
1661105145888 0.06350731
1661105165131 0.0658596
1661105184046 0.07605871
1661105200834 0.06561915
1661105217226 0.059254367
1661105230460 0.072272025
1661105243461 0.06360384
1661105269714 0.091907166
1661105291265 0.060413994
1661105315057 0.068944566
1661105331717 0.06591348
1661105350792 0.06303725
1661105369227 0.065892376
1661105385850 0.06255354
1661105409157 0.07779707
1661105427067 0.061526313
1661105456482 0.07746012
1661105479442 0.05177425
1661105506075 0.07729512
1661105517574 0.051729705
1661105534914 0.062035013
1661105550802 0.047134973
1661105568560 0.075670674
1661105588112 0.07202483
1661105604499 0.06911552
1661105625923 0.059492934
1661105643657 0.06756008
1661105663545 0.062314287
1661105680090 0.0652131
1661105698011 0.06492335
1661105716158 0.07254269
1661105731986 0.046279043
1661105753397 0.065922074
1661105770631 0.054602478
1661105790514 0.062313803
1661105807712 0.06484316
1661105823314 0.06189594
1661105845736 0.06765835
1661105863058 0.055074375
1661105893252 0.08168378
1661105911297 0.056261938
1661105933676 0.075117044
1661105949985 0.070006154
1661105965963 0.06837126
1661105989898 0.08273569
1661106003853 0.06888808
1661106019487 0.05401293
1661106037841 0.062114574
1661106059173 0.07422896
1661106075629 0.07135008
1661106091791 0.06688979
1661106113750 0.061062023
1661106133210 0.053352926
1661106149578 0.06415034
1661106169977 0.051810484
1661106185785 0.057154045
1661106202787 0.061055984
1661106219447 0.058770455
1661106237677 0.05755408
1661106252581 0.05246931
1661106269456 0.067389436
1661106298390 0.07986904
1661106315493 0.063455
1661106331946 0.06385286
1661106349369 0.062387243
1661106372444 0.0743433
1661106387562 0.06346826
1661106399436 0.055769194
1661106418417 0.0745597
1661106441233 0.06835147
1661106459735 0.052297994
1661106479660 0.051850416
1661106498803 0.06296273
1661106516706 0.06402691
1661106533156 0.048079386
1661106547569 0.06611639
1661106565032 0.065639414
1661106586661 0.05833345
1661106606909 0.07634177
1661106627422 0.05408969
1661106644439 0.07359251
1661106660243 0.056281436
1661106672772 0.061586704
1661106695531 0.052384924
1661106718309 0.055393506
1661106739343 0.05721296
1661106758606 0.053900685
1661106773284 0.061642535
1661106789783 0.06765397
1661106808112 0.05250096
1661106825456 0.06349762
1661106843736 0.066221535
1661106862084 0.06170936
1661106879601 0.06514248
1661106896438 0.061693367
1661106910868 0.06519762
1661106932884 0.055355962
1661106949737 0.06403173
1661106969090 0.060544092
1661106990990 0.06500086
1661107008153 0.060021754
1661107025313 0.07418976
1661107042861 0.058176037
1661107062822 0.06292257
1661107080229 0.05230589
1661107105007 0.0526086
1661107133276 0.08360452
1661107148317 0.06380985
1661107165866 0.06409183
1661107179977 0.06359616
1661107198039 0.06323668
1661107213037 0.061781105
1661107236478 0.05614181
1661107252344 0.06427342
1661107276255 0.08039682
1661107291726 0.05505147
1661107313844 0.05926443
1661107332738 0.06638844
1661107355397 0.06917466
1661107369367 0.053187765
1661107387349 0.063572526
1661107400547 0.05702161
1661107418064 0.05574282
1661107436970 0.05672827
1661107454493 0.07262716
1661107476194 0.06171061
1661107497942 0.06538779
1661107522070 0.066193245
1661107533529 0.054023214
1661107549848 0.06019891
1661107562997 0.064229436
1661107585132 0.07577767
1661107602534 0.05609294
1661107619510 0.0610873
1661107638207 0.060251586
1661107656813 0.06573684
1661107670919 0.06326293
1661107684746 0.047188602
1661107708685 0.06626381
1661107722609 0.05707568
1661107742761 0.053134665
1661107759675 0.062351156
1661107783443 0.083828844
1661107806925 0.063395806
1661107829527 0.08289035
1661107848113 0.05417563
1661107864319 0.04758728
1661107881243 0.04410374
1661107895403 0.056315962
1661107907812 0.067017294
1661107920392 0.055123188
1661107940588 0.053179022
1661107953080 0.06307233
1661107979102 0.07660995
1661108001881 0.07861802
1661108023478 0.06591183
1661108040314 0.06502057
1661108063859 0.055757035
1661108078315 0.05193102
1661108095396 0.06255826
1661108111024 0.061527826
1661108124566 0.063340165
1661108140962 0.0632187
1661108157189 0.06532008
1661108179524 0.065522574
1661108193718 0.059214022
1661108214535 0.049732123
1661108232088 0.05890176
1661108249891 0.06915132
1661108262455 0.05832109
1661108279297 0.052416533
1661108293796 0.06269115
1661108310467 0.06713997
1661108327057 0.051602118
1661108340640 0.07104508
1661108355915 0.06270728
1661108374148 0.060999997
1661108395521 0.047249608
1661108412139 0.07286036
1661108423790 0.055904828
1661108441280 0.06475796
1661108456999 0.06042552
1661108470710 0.06990062
1661108494526 0.06661448
1661108515290 0.0676447
1661108531626 0.059591
1661108554103 0.057190128
1661108568910 0.077687584
1661108584140 0.055118475
1661108606328 0.064169206
1661108623272 0.053355847
1661108641478 0.068389624
1661108657417 0.06490442
1661108682851 0.07743485
1661108703559 0.07807369
1661108728329 0.061372884
1661108750224 0.059708063
1661108765559 0.06291332
1661108782820 0.06455968
1661108808490 0.07783687
1661108831044 0.055521496
1661108846670 0.06349448
1661108867685 0.059336543
1661108885135 0.06548537
1661108907090 0.06744327
1661108931626 0.05714911
1661108948444 0.07424351
1661108970802 0.07777494
1661108986707 0.065108925
1661109004917 0.07344443
1661109022678 0.067799225
1661109037407 0.06307929
1661109054080 0.05101835
1661109072844 0.054153096
1661109086230 0.07166092
1661109112676 0.07742593
1661109132977 0.05294943
1661109154451 0.058796074
1661109168711 0.0631825
1661109185210 0.06458641
1661109209346 0.053247187
1661109230921 0.079853185
1661109252834 0.046517897
1661109270861 0.06491363
1661109283828 0.059856918
1661109299129 0.06517659
1661109313439 0.068929926
1661109336579 0.0742764
1661109352895 0.06909157
1661109364927 0.05122477
1661109379180 0.05932562
1661109397419 0.07377161
1661109416626 0.070045754
1661109438587 0.056656267
1661109466553 0.083452396
1661109483053 0.072239876
1661109496977 0.046045754
1661109515895 0.059952598
1661109531884 0.06701008
1661109554919 0.06620074
1661109577884 0.043661214
1661109600275 0.07674832
1661109621340 0.07475985
1661109637716 0.053380504
1661109653338 0.059897386
1661109670599 0.06324945
1661109686227 0.046364814
1661109700115 0.059218884
1661109716019 0.06728077
1661109734812 0.069224074
1661109757281 0.078062415
1661109772712 0.053603716
1661109787024 0.061805204
1661109807782 0.051678978
1661109825087 0.06430642
1661109842398 0.06020166
1661109863182 0.06393592
1661109879135 0.059127238
1661109904228 0.078696735
1661109919952 0.07312788
1661109935713 0.06456682
1661109952316 0.06778527
1661109974218 0.07787992
1661109986509 0.06316873
1661110003672 0.06876005
1661110019131 0.042370312
1661110034783 0.06394587
1661110051900 0.050300304
1661110070731 0.073865496
1661110088343 0.053779367
1661110104989 0.051076785
1661110119103 0.063061066
1661110135250 0.058522638
1661110160779 0.07811987
1661110176064 0.05306175
1661110194191 0.076693945
1661110220231 0.07979749
1661110234147 0.06538776
1661110255160 0.074827105
1661110274742 0.061931215
1661110296165 0.05470666
1661110312320 0.053882424
1661110324223 0.05044638
1661110340596 0.055278864
1661110355861 0.052032277
1661110372955 0.06880832
1661110395606 0.059469275
1661110416717 0.05736577
1661110442676 0.06496341
1661110457160 0.06376198
1661110478606 0.06134287
1661110498954 0.06321988
1661110521697 0.074603096
1661110541038 0.06618937
1661110558010 0.06544951
1661110575808 0.06695155
1661110591709 0.072779424
1661110607003 0.06715285
1661110622277 0.06184327
1661110635995 0.06792394
1661110649533 0.06404354
1661110665594 0.06362965
1661110684497 0.06487054
1661110701036 0.07049756
1661110727832 0.08189169
1661110742700 0.0577589
1661110766608 0.056921344
1661110786301 0.052184142
1661110808851 0.064000785
1661110838903 0.079918355
1661110864561 0.07740616
1661110881081 0.07462418
1661110903436 0.07560001
1661110919534 0.06740256
1661110933036 0.0637949
1661110956861 0.060748
1661110971748 0.066624805
1661110987644 0.06533302
1661111001677 0.062494714
1661111021267 0.068056814
1661111036319 0.055058017
1661111054230 0.057887703
1661111071933 0.06478378
1661111093419 0.060796306
1661111114779 0.059601363
1661111128595 0.067997225
1661111145777 0.066865
1661111164948 0.06263102
1661111179117 0.06475801
1661111196091 0.06460968
1661111215559 0.06257863
1661111242507 0.0839036
1661111258721 0.074076734
1661111282315 0.08001815
1661111309504 0.09101262
1661111332192 0.059430443
1661111351049 0.06706802
1661111369533 0.06699036
1661111390643 0.05906525
1661111407635 0.065070674
1661111427434 0.06243512
1661111456626 0.08205397
1661111478790 0.053004697
1661111500212 0.06710421
1661111515538 0.06224667
1661111534886 0.061080437
1661111555923 0.052881755
1661111569808 0.059150934
1661111583271 0.06860471
1661111601318 0.05876057
1661111630128 0.07693123
1661111647906 0.07330478
1661111663525 0.064635694
1661111683303 0.069151185
1661111704550 0.042123914
1661111719742 0.061385132
1661111736503 0.07287743
1661111752244 0.0649629
1661111768308 0.068383604
1661111788417 0.06334823
1661111801286 0.059052903
1661111819590 0.053804502
1661111837054 0.06434199
1661111855595 0.06943146
1661111872566 0.062373
1661111893618 0.06416176
1661111920936 0.08029335
1661111937187 0.060345594
1661111955207 0.07427444
1661111973194 0.05913513
1661111991614 0.060882416
1661112008377 0.06757744
1661112027962 0.07503932
1661112046210 0.06373274
1661112063753 0.06601449
1661112083583 0.06392656
1661112095919 0.062811725
1661112122752 0.07733789
1661112140058 0.06982577
1661112166396 0.09097428
1661112179963 0.06383177
1661112195127 0.06293229
1661112211808 0.068117864
1661112231805 0.077015504
1661112246516 0.056527417
1661112261760 0.04318071
1661112282360 0.059783112
1661112308051 0.07846451
1661112324708 0.070911594
1661112339977 0.06264126
1661112362698 0.07415779
1661112374306 0.059413753
1661112390327 0.068764135
1661112406999 0.06198182
1661112429074 0.06296748
1661112450706 0.059062082
1661112467502 0.0645951
1661112485204 0.056247637
1661112504971 0.062613025
1661112518822 0.062354326
1661112542162 0.07803537
